 2.405000095255673 1.1002285306395573E-8 1.1002285306395574E-18 0. 94
 2.4100000951439142 1.0618535843548376E-8 1.0618535843548376E-18 0. 94
 2.4150000950321555 1.0247077008763953E-8 1.0247077008763953E-18 0. 95
 2.420000094920397 9.887511174717703E-9 9.887511174717703E-19 0. 95
 2.425000094808638 9.539454064862664E-9 9.539454064862664E-19 0. 95
 2.4300000946968794 9.202534284128664E-9 9.202534284128664E-19 0. 96
 2.4350000945851207 8.876392866931595E-9 8.876392866931594E-19 0. 96
 2.440000094473362 8.560682841749717E-9 8.560682841749717E-19 0. 96
 2.4450000943616033 8.255068811781585E-9 8.255068811781586E-19 0. 97
 2.4500000942498446 7.959226550983748E-9 7.959226550983749E-19 0. 97
 2.455000094138086 7.672842614831272E-9 7.672842614831272E-19 0. 97
 2.460000094026327 7.395613965374216E-9 7.395613965374216E-19 0. 98
 2.4650000939145684 7.127247609968607E-9 7.127247609968607E-19 0. 98
 2.4700000938028097 6.867460253100165E-9 6.867460253100165E-19 0. 98
 2.475000093691051 6.61597796092534E-9 6.6159779609253405E-19 0. 99
 2.4800000935792923 6.372535837979233E-9 6.372535837979233E-19 0. 99
 2.4850000934675336 6.136877715528449E-9 6.136877715528449E-19 0. 100
 2.490000093355775 5.908755851279825E-9 5.908755851279825E-19 0. 100
 2.495000093244016 5.687930639834568E-9 5.687930639834568E-19 0. 100
 2.5000000931322575 5.474170333628092E-9 5.474170333628092E-19 0. 101
 2.5050000930204988 5.2672507738988284E-9 5.267250773898828E-19 0. 101
 2.51000009290874 5.066955131259438E-9 5.066955131259438E-19 0. 102
 2.5150000927969813 4.873073655635845E-9 4.873073655635845E-19 0. 102
 2.5200000926852226 4.685403435073253E-9 4.685403435073253E-19 0. 102
 2.525000092573464 4.503748163198246E-9 4.503748163198245E-19 0. 103
 2.530000092461705 4.327917914963306E-9 4.327917914963306E-19 0. 103
 2.5350000923499465 4.157728930323483E-9 4.1577289303234825E-19 0. 104
 2.540000092238188 3.9930034056552105E-9 3.9930034056552105E-19 0. 104
 2.545000092126429 3.8335692925015025E-9 3.8335692925015024E-19 0. 105
 2.5500000920146704 3.6792601034980475E-9 3.6792601034980476E-19 0. 105
 2.5550000919029117 3.5299147250927717E-9 3.5299147250927716E-19 0. 106
 2.560000091791153 3.3853772369235783E-9 3.385377236923578E-19 0. 106
 2.5650000916793942 3.2454967374971487E-9 3.2454967374971487E-19 0. 107
 2.5700000915676355 3.110127176043002E-9 3.110127176043002E-19 0. 107
 2.575000091455877 2.9791271902134055E-9 2.9791271902134054E-19 0. 108
 2.580000091344118 2.8523599495124104E-9 2.8523599495124103E-19 0. 108
 2.5850000912323594 2.7296930041497757E-9 2.729693004149776E-19 0. 109
 2.5900000911206007 2.6109981392116296E-9 2.6109981392116296E-19 0. 109
 2.595000091008842 2.4961512338667776E-9 2.4961512338667775E-19 0. 110
 2.6000000908970833 2.3850321255060185E-9 2.3850321255060185E-19 0. 111
 2.6050000907853246 2.277524478570719E-9 2.277524478570719E-19 0. 111
 2.610000090673566 2.173515657927805E-9 2.173515657927805E-19 0. 112
 2.615000090561807 2.0728966066450544E-9 2.0728966066450544E-19 0. 112
 2.6200000904500484 1.9755617279552106E-9 1.9755617279552105E-19 0. 113
 2.6250000903382897 1.881408771319363E-9 1.881408771319363E-19 0. 114
 2.630000090226531 1.7903387223907976E-9 1.7903387223907976E-19 0. 114
 2.6350000901147723 1.7022556967605634E-9 1.7022556967605634E-19 0. 115
 2.6400000900030136 1.6170668373623608E-9 1.6170668373623608E-19 0. 116
 2.645000089891255 1.5346822153731558E-9 1.5346822153731557E-19 0. 117
 2.650000089779496 1.4550147345113973E-9 1.4550147345113972E-19 0. 117
 2.6550000896677375 1.3779800385926788E-9 1.3779800385926787E-19 0. 118
 2.6600000895559788 1.3034964222489286E-9 1.3034964222489285E-19 0. 119
 2.66500008944422 1.231484744670636E-9 1.231484744670636E-19 0. 120
 2.6700000893324614 1.1618683462853973E-9 1.1618683462853973E-19 0. 121
 2.6750000892207026 1.094572968260046E-9 1.0945729682600458E-19 0. 122
 2.680000089108944 1.0295266747276847E-9 1.0295266747276847E-19 0. 123
 2.6850000889971852 9.666597776430017E-10 9.666597776430018E-20 0. 124
 2.6900000888854265 9.059047641731323E-10 9.059047641731323E-20 0. 125
 2.695000088773668 8.471962265344249E-10 8.471962265344249E-20 0. 126
 2.700000088661909 7.904707941890817E-10 7.904707941890817E-20 0. 127
 2.7050000885501504 7.356670683185599E-10 7.356670683185599E-20 0. 128
 2.7100000884383917 6.827255584932342E-10 6.827255584932342E-20 0. 130
 2.715000088326633 6.315886214652106E-10 6.315886214652106E-20 0. 131
 2.7200000882148743 5.822004019995662E-10 5.822004019995662E-20 0. 133
 2.7250000881031156 5.345067756894287E-10 5.345067756894287E-20 0. 134
 2.730000087991357 4.884552936667719E-10 4.884552936667719E-20 0. 136
 2.735000087879598 4.43995129160692E-10 4.4399512916069197E-20 0. 138
 2.7400000877678394 4.0107702582476225E-10 4.0107702582476226E-20 0. 140
 2.7450000876560807 3.5965324778058823E-10 3.5965324778058823E-20 0. 142
 2.750000087544322 3.196775313146281E-10 3.196775313146281E-20 0. 145
 2.7550000874325633 2.811050381734486E-10 2.811050381734486E-20 0. 147
 2.7600000873208046 2.438923103970754E-10 2.438923103970754E-20 0. 151
 2.765000087209046 2.079972266463978E-10 2.079972266463978E-20 0. 154
 2.770000087097287 1.7337895996182287E-10 1.7337895996182288E-20 0. 159
 2.7750000869855285 1.399979369153733E-10 1.399979369153733E-20 0. 164
 2.7800000868737698 1.0781579809888758E-10 1.0781579809888758E-20 0. 171
 2.785000086762011 7.679535990935144E-11 7.679535990935145E-21 0. 181
 2.7900000866502523 4.6900577583104375E-11 4.690057758310437E-21 0. 196
 2.7950000865384936 1.809650943760751E-11 1.809650943760751E-21 0. 229
 2.800000086426735 -9.650717719398214E-12 -9.650717719398214E-22 0. 253
 2.805000086314976 -3.637394205599335E-11 -3.637394205599335E-21 0. 203
 2.8100000862032175 -6.210499909492928E-11 -6.210499909492929E-21 0. 185
 2.815000086091459 -8.687475303576972E-11 -8.687475303576972E-21 0. 175
 2.8200000859797 -1.1071312706590655E-10 -1.1071312706590654E-20 0. 167
 2.8250000858679414 -1.3364913268956848E-10 -1.3364913268956848E-20 0. 162
 2.8300000857561827 -1.5571089810723E-10 -1.5571089810722998E-20 0. 158
 2.835000085644424 -1.7692569567988115E-10 -1.7692569567988114E-20 0. 154
 2.8400000855326653 -1.9731996850780034E-10 -1.9731996850780034E-20 0. 151
 2.8450000854209065 -2.1691935615273888E-10 -2.1691935615273886E-20 0. 148
 2.850000085309148 -2.357487195345171E-10 -2.357487195345171E-20 0. 146
 2.855000085197389 -2.5383216502687936E-10 -2.5383216502687934E-20 0. 144
 2.8600000850856304 -2.711930677822782E-10 -2.711930677822782E-20 0. 142
 2.8650000849738717 -2.8785409430916965E-10 -2.878540943091697E-20 0. 140
 2.870000084862113 -3.038372243280288E-10 -3.038372243280288E-20 0. 139
 2.8750000847503543 -3.191637719281852E-10 -3.191637719281852E-20 0. 137
 2.8800000846385956 -3.338544060533236E-10 -3.338544060533236E-20 0. 136
 2.885000084526837 -3.4792917033076257E-10 -3.479291703307626E-20 0. 135
 2.890000084415078 -3.6140750227347906E-10 -3.6140750227347903E-20 0. 134
 2.8950000843033195 -3.743082518710256E-10 -3.743082518710256E-20 0. 133
 2.9000000841915607 -3.86649699591257E-10 -3.86649699591257E-20 0. 132
 2.905000084079802 -3.9844957381205136E-10 -3.984495738120514E-20 0. 131
 2.9100000839680433 -4.0972506770178987E-10 -4.097250677017899E-20 0. 130
 2.9150000838562846 -4.2049285556674917E-10 -4.2049285556674915E-20 0. 129
 2.920000083744526 -4.3076910868292495E-10 -4.30769108682925E-20 0. 128
 2.925000083632767 -4.405695106296216E-10 -4.405695106296216E-20 0. 128
 2.9300000835210085 -4.499092721386426E-10 -4.499092721386426E-20 0. 127
 2.93500008340925 -4.588031454810881E-10 -4.588031454810881E-20 0. 126
 2.940000083297491 -4.672654383991948E-10 -4.672654383991948E-20 0. 126
 2.9450000831857324 -4.753100276014312E-10 -4.753100276014312E-20 0. 125
 2.9500000830739737 -4.82950371839245E-10 -4.8295037183924495E-20 0. 124
 2.955000082962215 -4.901995245712999E-10 -4.901995245712999E-20 0. 124
 2.9600000828504562 -4.970701462321951E-10 -4.970701462321951E-20 0. 123
 2.9650000827386975 -5.035745161234055E-10 -5.0357451612340546E-20 0. 123
 2.970000082626939 -5.097245439270356E-10 -5.0972454392703566E-20 0. 122
 2.97500008251518 -5.155317808690264E-10 -5.1553178086902634E-20 0. 122
 2.9800000824034214 -5.210074305280751E-10 -5.2100743052807506E-20 0. 121
 2.9850000822916627 -5.261623593169528E-10 -5.2616235931695273E-20 0. 121
 2.990000082179904 -5.310071066318243E-10 -5.3100710663182427E-20 0. 121
 2.9950000820681453 -5.355518946923615E-10 -5.3555189469236156E-20 0. 120
 3.0000000819563866 -5.398066380778115E-10 -5.3980663807781154E-20 0. 120
 3.005000081844628 -5.43780952963685E-10 -5.43780952963685E-20 0. 119
 3.010000081732869 -5.474841660811847E-10 -5.474841660811847E-20 0. 119
 3.0150000816211104 -5.509253233931521E-10 -5.509253233931521E-20 0. 119
 3.0200000815093517 -5.541131985082037E-10 -5.541131985082037E-20 0. 118
 3.025000081397593 -5.570563008364416E-10 -5.570563008364416E-20 0. 118
 3.0300000812858343 -5.597628834902016E-10 -5.597628834902016E-20 0. 118
 3.0350000811740756 -5.622409509472804E-10 -5.622409509472804E-20 0. 117
 3.040000081062317 -5.644982664796071E-10 -5.644982664796071E-20 0. 117
 3.045000080950558 -5.665423593499926E-10 -5.665423593499926E-20 0. 117
 3.0500000808387995 -5.683805317937521E-10 -5.683805317937521E-20 0. 116
 3.0550000807270408 -5.70019865787383E-10 -5.700198657873829E-20 0. 116
 3.060000080615282 -5.714672296061198E-10 -5.714672296061198E-20 0. 116
 3.0650000805035233 -5.727292841871855E-10 -5.727292841871855E-20 0. 116
 3.0700000803917646 -5.738124892963381E-10 -5.738124892963381E-20 0. 115
 3.075000080280006 -5.747231095103441E-10 -5.747231095103441E-20 0. 115
 3.0800000801682472 -5.754672200125217E-10 -5.754672200125217E-20 0. 115
 3.0850000800564885 -5.760507122179979E-10 -5.760507122179979E-20 0. 115
 3.09000007994473 -5.764792992254178E-10 -5.764792992254178E-20 0. 114
 3.095000079832971 -5.76758521107023E-10 -5.767585211070229E-20 0. 114
 3.1000000797212124 -5.768937500334772E-10 -5.768937500334771E-20 0. 114
 3.1050000796094537 -5.768901952494035E-10 -5.768901952494035E-20 0. 114
 3.110000079497695 -5.767529078962308E-10 -5.767529078962307E-20 0. 114
 3.1150000793859363 -5.764867856897676E-10 -5.764867856897676E-20 0. 113
 3.1200000792741776 -5.760965774597363E-10 -5.760965774597362E-20 0. 113
 3.125000079162419 -5.755868875474636E-10 -5.755868875474636E-20 0. 113
 3.13000007905066 -5.749621800769036E-10 -5.749621800769036E-20 0. 113
 3.1350000789389014 -5.742267830948478E-10 -5.742267830948478E-20 0. 113
 3.1400000788271427 -5.733848925870588E-10 -5.733848925870588E-20 0. 112
 3.145000078715384 -5.724405763768686E-10 -5.724405763768687E-20 0. 112
 3.1500000786036253 -5.713977779017857E-10 -5.713977779017857E-20 0. 112
 3.1550000784918666 -5.702603198826125E-10 -5.702603198826124E-20 0. 112
 3.160000078380108 -5.690319078803691E-10 -5.690319078803691E-20 0. 112
 3.165000078268349 -5.677161337476538E-10 -5.677161337476538E-20 0. 112
 3.1700000781565905 -5.663164789766466E-10 -5.663164789766466E-20 0. 111
 3.1750000780448318 -5.64836317950096E-10 -5.64836317950096E-20 0. 111
 3.180000077933073 -5.632789210903134E-10 -5.632789210903134E-20 0. 111
 3.1850000778213143 -5.61647457919893E-10 -5.61647457919893E-20 0. 111
 3.1900000777095556 -5.599450000289161E-10 -5.599450000289161E-20 0. 111
 3.195000077597797 -5.581745239546813E-10 -5.581745239546813E-20 0. 111
 3.200000077486038 -5.563389139760897E-10 -5.563389139760897E-20 0. 111
 3.2050000773742795 -5.544409648247615E-10 -5.544409648247615E-20 0. 110
 3.210000077262521 -5.524833843185593E-10 -5.524833843185594E-20 0. 110
 3.215000077150762 -5.504687959120693E-10 -5.504687959120692E-20 0. 110
 3.2200000770390034 -5.483997411769295E-10 -5.483997411769295E-20 0. 110
 3.2250000769272447 -5.462786822063924E-10 -5.462786822063924E-20 0. 110
 3.230000076815486 -5.441080039494932E-10 -5.441080039494932E-20 0. 110
 3.2350000767037272 -5.418900164764575E-10 -5.4189001647645744E-20 0. 110
 3.2400000765919685 -5.396269571774138E-10 -5.3962695717741376E-20 0. 110
 3.24500007648021 -5.373209928959251E-10 -5.373209928959251E-20 0. 109
 3.250000076368451 -5.349742220023394E-10 -5.3497422200233946E-20 0. 109
 3.2550000762566924 -5.325886764012144E-10 -5.325886764012144E-20 0. 109
 3.2600000761449337 -5.301663234848395E-10 -5.301663234848395E-20 0. 109
 3.265000076033175 -5.277090680269771E-10 -5.277090680269771E-20 0. 109
 3.2700000759214163 -5.252187540216062E-10 -5.2521875402160625E-20 0. 109
 3.2750000758096576 -5.226971664678224E-10 -5.226971664678224E-20 0. 109
 3.280000075697899 -5.201460331025066E-10 -5.201460331025066E-20 0. 109
 3.28500007558614 -5.175670260823341E-10 -5.1756702608233404E-20 0. 109
 3.2900000754743814 -5.149617636161426E-10 -5.149617636161426E-20 0. 108
 3.2950000753626227 -5.12331811552055E-10 -5.1233181155205506E-20 0. 108
 3.300000075250864 -5.096786849134677E-10 -5.0967868491346765E-20 0. 108
 3.3050000751391053 -5.070038493950443E-10 -5.070038493950443E-20 0. 108
 3.3100000750273466 -5.043087228127229E-10 -5.043087228127229E-20 0. 108
 3.315000074915588 -5.015946765119649E-10 -5.0159467651196496E-20 0. 108
 3.320000074803829 -4.988630367350176E-10 -4.988630367350176E-20 0. 108
 3.3250000746920705 -4.961150859483974E-10 -4.961150859483974E-20 0. 108
 3.3300000745803118 -4.933520641317861E-10 -4.933520641317861E-20 0. 108
 3.335000074468553 -4.905751700294753E-10 -4.905751700294753E-20 0. 108
 3.3400000743567944 -4.877855623654719E-10 -4.8778556236547185E-20 0. 108
 3.3450000742450356 -4.849843610228805E-10 -4.849843610228805E-20 0. 107
 3.350000074133277 -4.82172648191351E-10 -4.82172648191351E-20 0. 107
 3.3550000740215182 -4.793514694767283E-10 -4.793514694767283E-20 0. 107
 3.3600000739097595 -4.765218349830645E-10 -4.7652183498306453E-20 0. 107
 3.365000073798001 -4.736847203610446E-10 -4.7368472036104457E-20 0. 107
 3.370000073686242 -4.708410678265123E-10 -4.7084106782651235E-20 0. 107
 3.3750000735744834 -4.679917871495255E-10 -4.679917871495255E-20 0. 107
 3.3800000734627247 -4.65137756614809E-10 -4.65137756614809E-20 0. 107
 3.385000073350966 -4.6227982395444497E-10 -4.62279823954445E-20 0. 107
 3.3900000732392073 -4.59418807253612E-10 -4.59418807253612E-20 0. 107
 3.3950000731274486 -4.5655549583016773E-10 -4.5655549583016775E-20 0. 107
 3.40000007301569 -4.536906510888337E-10 -4.536906510888337E-20 0. 107
 3.405000072903931 -4.5082500735073497E-10 -4.50825007350735E-20 0. 107
 3.4100000727921724 -4.479592726585834E-10 -4.479592726585834E-20 0. 106
 3.4150000726804137 -4.4509412956074564E-10 -4.4509412956074564E-20 0. 106
 3.420000072568655 -4.4223023586852004E-10 -4.4223023586852005E-20 0. 106
 3.4250000724568963 -4.3936822539576467E-10 -4.3936822539576466E-20 0. 106
 3.4300000723451376 -4.3650870867513735E-10 -4.3650870867513736E-20 0. 106
 3.435000072233379 -4.336522736541255E-10 -4.336522736541255E-20 0. 106
 3.44000007212162 -4.3079948637103427E-10 -4.3079948637103425E-20 0. 106
 3.4450000720098615 -4.279508916115194E-10 -4.279508916115194E-20 0. 106
 3.4500000718981028 -4.2510701354622447E-10 -4.251070135462245E-20 0. 106
 3.455000071786344 -4.2226835635008123E-10 -4.222683563500812E-20 0. 106
 3.4600000716745853 -4.19435404803788E-10 -4.19435404803788E-20 0. 106
 3.4650000715628266 -4.16608624877999E-10 -4.16608624877999E-20 0. 106
 3.470000071451068 -4.1378846430071574E-10 -4.137884643007157E-20 0. 106
 3.475000071339309 -4.1097535310836414E-10 -4.1097535310836414E-20 0. 106
 3.4800000712275505 -4.081697041810392E-10 -4.081697041810392E-20 0. 106
 3.485000071115792 -4.0537191376236386E-10 -4.0537191376236384E-20 0. 106
 3.490000071004033 -4.0258236196403106E-10 -4.0258236196403106E-20 0. 105
 3.4950000708922744 -3.998014132577421E-10 -3.998014132577421E-20 0. 105
 3.5000000707805157 -3.9702941694924114E-10 -3.9702941694924115E-20 0. 105
 3.505000070668757 -3.9426670764249116E-10 -3.942667076424912E-20 0. 105
 3.5100000705569983 -3.9151360568863753E-10 -3.9151360568863754E-20 0. 105
 3.5150000704452395 -3.887704176224588E-10 -3.887704176224588E-20 0. 105
 3.520000070333481 -3.8603743658626993E-10 -3.8603743658626995E-20 0. 105
 3.525000070221722 -3.833149427416554E-10 -3.833149427416554E-20 0. 105
 3.5300000701099634 -3.806032036693711E-10 -3.806032036693711E-20 0. 105
 3.5350000699982047 -3.7790247475776225E-10 -3.7790247475776225E-20 0. 105
 3.540000069886446 -3.752129995800137E-10 -3.752129995800137E-20 0. 105
 3.5450000697746873 -3.7253501026057196E-10 -3.7253501026057195E-20 0. 105
 3.5500000696629286 -3.698687278310262E-10 -3.698687278310262E-20 0. 105
 3.55500006955117 -3.6721436257577084E-10 -3.6721436257577083E-20 0. 105
 3.560000069439411 -3.6457211436772447E-10 -3.6457211436772446E-20 0. 105
 3.5650000693276525 -3.619421729944019E-10 -3.6194217299440185E-20 0. 105
 3.5700000692158937 -3.593247184746075E-10 -3.593247184746075E-20 0. 105
 3.575000069104135 -3.567199213660193E-10 -3.567199213660193E-20 0. 105
 3.5800000689923763 -3.5412794306392426E-10 -3.541279430639243E-20 0. 105
 3.5850000688806176 -3.5154893609135703E-10 -3.5154893609135704E-20 0. 105
 3.590000068768859 -3.4898304438088565E-10 -3.4898304438088564E-20 0. 105
 3.5950000686571 -3.4643040354795723E-10 -3.4643040354795723E-20 0. 104
 3.6000000685453415 -3.4389114115799583E-10 -3.4389114115799584E-20 0. 104
 3.605000068433583 -3.41365376982562E-10 -3.41365376982562E-20 0. 104
 3.610000068321824 -3.388532232513579E-10 -3.388532232513579E-20 0. 104
 3.6150000682100654 -3.3635478489535327E-10 -3.363547848953533E-20 0. 104
 3.6200000680983067 -3.3387015978321974E-10 -3.3387015978321974E-20 0. 104
 3.625000067986548 -3.3139943895093744E-10 -3.3139943895093744E-20 0. 104
 3.6300000678747892 -3.2894270682477264E-10 -3.289427068247726E-20 0. 104
 3.6350000677630305 -3.265000414378084E-10 -3.265000414378084E-20 0. 104
 3.640000067651272 -3.24071514640218E-10 -3.24071514640218E-20 0. 104
 3.645000067539513 -3.216571923034505E-10 -3.216571923034505E-20 0. 104
 3.6500000674277544 -3.1925713451851047E-10 -3.192571345185105E-20 0. 104
 3.6550000673159957 -3.1687139578849E-10 -3.1687139578849E-20 0. 104
 3.660000067204237 -3.1450002521551954E-10 -3.1450002521551955E-20 0. 104
 3.6650000670924783 -3.1214306668230057E-10 -3.121430666823006E-20 0. 104
 3.6700000669807196 -3.098005590283587E-10 -3.098005590283587E-20 0. 104
 3.675000066868961 -3.0747253622118617E-10 -3.0747253622118617E-20 0. 104
 3.680000066757202 -3.0515902752240307E-10 -3.051590275224031E-20 0. 104
 3.6850000666454434 -3.0286005764908077E-10 -3.0286005764908075E-20 0. 104
 3.6900000665336847 -3.0057564693037387E-10 -3.005756469303739E-20 0. 104
 3.695000066421926 -2.983058114595784E-10 -2.983058114595784E-20 0. 104
 3.7000000663101673 -2.9605056324175384E-10 -2.960505632417538E-20 0. 104
 3.7050000661984086 -2.9380991033704183E-10 -2.938099103370418E-20 0. 104
 3.71000006608665 -2.915838569997792E-10 -2.915838569997792E-20 0. 104
 3.715000065974891 -2.893724038135537E-10 -2.893724038135537E-20 0. 104
 3.7200000658631325 -2.8717554782229226E-10 -2.8717554782229226E-20 0. 104
 3.7250000657513738 -2.8499328265750817E-10 -2.8499328265750816E-20 0. 104
 3.730000065639615 -2.8282559866181087E-10 -2.8282559866181086E-20 0. 104
 3.7350000655278563 -2.806724830087829E-10 -2.806724830087829E-20 0. 104
 3.7400000654160976 -2.785339198190632E-10 -2.785339198190632E-20 0. 103
 3.745000065304339 -2.764098902743183E-10 -2.7640989027431825E-20 0. 103
 3.7500000651925802 -2.743003727252444E-10 -2.743003727252444E-20 0. 103
 3.7550000650808215 -2.7220534279896765E-10 -2.7220534279896766E-20 0. 103
 3.760000064969063 -2.701247735019761E-10 -2.701247735019761E-20 0. 103
 3.765000064857304 -2.6805863532025783E-10 -2.6805863532025785E-20 0. 103
 3.7700000647455454 -2.660068963164605E-10 -2.6600689631646048E-20 0. 103
 3.7750000646337867 -2.6396952222416955E-10 -2.6396952222416957E-20 0. 103
 3.780000064522028 -2.619464765393701E-10 -2.619464765393701E-20 0. 103
 3.7850000644102693 -2.59937720609185E-10 -2.5993772060918497E-20 0. 103
 3.7900000642985106 -2.579432137179587E-10 -2.579432137179587E-20 0. 103
 3.795000064186752 -2.5596291317076336E-10 -2.5596291317076337E-20 0. 103
 3.800000064074993 -2.539967743744001E-10 -2.5399677437440013E-20 0. 103
 3.8050000639632344 -2.520447509159682E-10 -2.520447509159682E-20 0. 103
 3.8100000638514757 -2.501067946390638E-10 -2.501067946390638E-20 0. 103
 3.815000063739717 -2.48182855717685E-10 -2.48182855717685E-20 0. 103
 3.8200000636279583 -2.462728827278973E-10 -2.4627288272789727E-20 0. 103
 3.8250000635161996 -2.443768227173325E-10 -2.4437682271733252E-20 0. 103
 3.830000063404441 -2.4249462127257375E-10 -2.4249462127257373E-20 0. 103
 3.835000063292682 -2.4062622258449257E-10 -2.4062622258449257E-20 0. 103
 3.8400000631809235 -2.3877156951159075E-10 -2.3877156951159077E-20 0. 103
 3.8450000630691648 -2.3693060364140773E-10 -2.3693060364140772E-20 0. 103
 3.850000062957406 -2.351032653500444E-10 -2.351032653500444E-20 0. 103
 3.8550000628456473 -2.332894938598595E-10 -2.3328949385985947E-20 0. 103
 3.8600000627338886 -2.314892272953873E-10 -2.314892272953873E-20 0. 103
 3.86500006262213 -2.2970240273752915E-10 -2.2970240273752915E-20 0. 103
 3.870000062510371 -2.2792895627606636E-10 -2.2792895627606635E-20 0. 103
 3.8750000623986125 -2.2616882306054254E-10 -2.2616882306054255E-20 0. 103
 3.880000062286854 -2.2442193734956108E-10 -2.244219373495611E-20 0. 103
 3.885000062175095 -2.2268823255854215E-10 -2.2268823255854216E-20 0. 103
 3.8900000620633364 -2.209676413059845E-10 -2.209676413059845E-20 0. 103
 3.8950000619515777 -2.192600954582719E-10 -2.192600954582719E-20 0. 103
 3.900000061839819 -2.1756552617306725E-10 -2.1756552617306725E-20 0. 103
 3.9050000617280602 -2.1588386394133458E-10 -2.158838639413346E-20 0. 103
 3.9100000616163015 -2.1421503862802603E-10 -2.1421503862802602E-20 0. 103
 3.915000061504543 -2.125589795114725E-10 -2.125589795114725E-20 0. 103
 3.920000061392784 -2.1091561532151757E-10 -2.1091561532151756E-20 0. 103
 3.9250000612810254 -2.0928487427642348E-10 -2.0928487427642348E-20 0. 103
 3.9300000611692667 -2.0766668411859295E-10 -2.0766668411859295E-20 0. 103
 3.935000061057508 -2.060609721491323E-10 -2.060609721491323E-20 0. 103
 3.9400000609457493 -2.0446766526129486E-10 -2.0446766526129486E-20 0. 103
 3.9450000608339906 -2.0288668997283216E-10 -2.0288668997283216E-20 0. 103
 3.950000060722232 -2.0131797245709874E-10 -2.0131797245709873E-20 0. 102
 3.955000060610473 -1.9976143857407594E-10 -1.9976143857407595E-20 0. 102
 3.9600000604987144 -1.9821701389849275E-10 -1.9821701389849274E-20 0. 102
 3.9650000603869557 -1.9668462374888463E-10 -1.9668462374888464E-20 0. 102
 3.970000060275197 -1.951641932147507E-10 -1.951641932147507E-20 0. 102
 3.9750000601634383 -1.9365564718298883E-10 -1.9365564718298884E-20 0. 102
 3.9800000600516796 -1.9215891036343924E-10 -1.9215891036343924E-20 0. 102
 3.985000059939921 -1.906739073135636E-10 -1.906739073135636E-20 0. 102
 3.990000059828162 -1.892005624622841E-10 -1.892005624622841E-20 0. 102
 3.9950000597164035 -1.8773880013300797E-10 -1.8773880013300797E-20 0. 102
 4.000000059604645 -1.8628854456585936E-10 -1.8628854456585938E-20 0. 102
 4.005000059492886 -1.8484971993914063E-10 -1.8484971993914064E-20 0. 102
 4.010000059381127 -1.8342225039004822E-10 -1.8342225039004822E-20 0. 102
 4.015000059269369 -1.8200606003466088E-10 -1.8200606003466088E-20 0. 102
 4.02000005915761 -1.8060107298722613E-10 -1.8060107298722612E-20 0. 102
 4.025000059045851 -1.7920721337875864E-10 -1.7920721337875865E-20 0. 102
 4.0300000589340925 -1.7782440537497694E-10 -1.7782440537497693E-20 0. 102
 4.035000058822334 -1.7645257319359384E-10 -1.7645257319359385E-20 0. 102
 4.040000058710575 -1.7509164112097987E-10 -1.7509164112097987E-20 0. 102
 4.045000058598816 -1.7374153352821925E-10 -1.7374153352821925E-20 0. 102
 4.050000058487058 -1.7240217488657473E-10 -1.7240217488657473E-20 0. 102
 4.055000058375299 -1.7107348978237862E-10 -1.7107348978237864E-20 0. 102
 4.06000005826354 -1.6975540293136955E-10 -1.6975540293136957E-20 0. 102
 4.065000058151782 -1.6844783919248387E-10 -1.6844783919248386E-20 0. 102
 4.070000058040023 -1.6715072358112827E-10 -1.6715072358112827E-20 0. 102
 4.075000057928264 -1.658639812819396E-10 -1.658639812819396E-20 0. 102
 4.080000057816505 -1.6458753766105203E-10 -1.6458753766105204E-20 0. 102
 4.085000057704747 -1.6332131827788206E-10 -1.6332131827788206E-20 0. 102
 4.090000057592988 -1.6206524889645284E-10 -1.6206524889645284E-20 0. 102
 4.095000057481229 -1.6081925549626193E-10 -1.6081925549626193E-20 0. 102
 4.100000057369471 -1.5958326428271328E-10 -1.5958326428271328E-20 0. 102
 4.105000057257712 -1.583572016971225E-10 -1.5835720169712252E-20 0. 102
 4.110000057145953 -1.571409944263114E-10 -1.571409944263114E-20 0. 102
 4.1150000570341945 -1.5593456941179925E-10 -1.5593456941179925E-20 0. 102
 4.120000056922436 -1.5473785385860926E-10 -1.5473785385860926E-20 0. 102
 4.125000056810677 -1.5355077524369324E-10 -1.5355077524369324E-20 0. 102
 4.130000056698918 -1.5237326132399592E-10 -1.523732613239959E-20 0. 102
 4.13500005658716 -1.5120524014416143E-10 -1.5120524014416143E-20 0. 102
 4.140000056475401 -1.5004664004389614E-10 -1.5004664004389613E-20 0. 102
 4.145000056363642 -1.488973896649996E-10 -1.488973896649996E-20 0. 102
 4.1500000562518835 -1.4775741795807056E-10 -1.4775741795807057E-20 0. 102
 4.155000056140125 -1.4662665418890012E-10 -1.4662665418890012E-20 0. 102
 4.160000056028366 -1.4550502794456026E-10 -1.4550502794456025E-20 0. 102
 4.165000055916607 -1.4439246913919845E-10 -1.4439246913919846E-20 0. 102
 4.170000055804849 -1.4328890801954563E-10 -1.4328890801954563E-20 0. 102
 4.17500005569309 -1.4219427517014784E-10 -1.4219427517014784E-20 0. 102
 4.180000055581331 -1.4110850151832877E-10 -1.4110850151832878E-20 0. 102
 4.1850000554695725 -1.4003151833889268E-10 -1.4003151833889267E-20 0. 102
 4.190000055357814 -1.389632572585749E-10 -1.389632572585749E-20 0. 102
 4.195000055246055 -1.3790365026024882E-10 -1.379036502602488E-20 0. 102
 4.200000055134296 -1.3685262968689428E-10 -1.3685262968689428E-20 0. 102
 4.205000055022538 -1.358101282453388E-10 -1.358101282453388E-20 0. 102
 4.210000054910779 -1.3477607900977566E-10 -1.3477607900977567E-20 0. 102
 4.21500005479902 -1.337504154250672E-10 -1.337504154250672E-20 0. 102
 4.220000054687262 -1.3273307130983933E-10 -1.3273307130983934E-20 0. 102
 4.225000054575503 -1.3172398085937498E-10 -1.3172398085937499E-20 0. 102
 4.230000054463744 -1.3072307864831213E-10 -1.3072307864831213E-20 0. 102
 4.2350000543519855 -1.2973029963315258E-10 -1.2973029963315257E-20 0. 102
 4.240000054240227 -1.2874557915458784E-10 -1.2874557915458784E-20 0. 102
 4.245000054128468 -1.277688529396482E-10 -1.277688529396482E-20 0. 102
 4.250000054016709 -1.268000571036803E-10 -1.2680005710368031E-20 0. 102
 4.255000053904951 -1.2583912815215865E-10 -1.2583912815215865E-20 0. 102
 4.260000053793192 -1.2488600298233754E-10 -1.2488600298233754E-20 0. 102
 4.265000053681433 -1.2394061888474695E-10 -1.2394061888474695E-20 0. 102
 4.2700000535696745 -1.2300291354453955E-10 -1.2300291354453954E-20 0. 102
 4.275000053457916 -1.2207282504269125E-10 -1.2207282504269125E-20 0. 102
 4.280000053346157 -1.2115029185706345E-10 -1.2115029185706346E-20 0. 102
 4.285000053234398 -1.202352528633279E-10 -1.2023525286332789E-20 0. 102
 4.29000005312264 -1.1932764733576205E-10 -1.1932764733576206E-20 0. 102
 4.295000053010881 -1.1842741494791695E-10 -1.1842741494791695E-20 0. 102
 4.300000052899122 -1.17534495773164E-10 -1.1753449577316401E-20 0. 102
 4.3050000527873635 -1.1664883028512199E-10 -1.1664883028512199E-20 0. 102
 4.310000052675605 -1.1577035935797288E-10 -1.1577035935797287E-20 0. 102
 4.315000052563846 -1.1489902426666379E-10 -1.1489902426666379E-20 0. 102
 4.320000052452087 -1.1403476668689951E-10 -1.140347666868995E-20 0. 101
 4.325000052340329 -1.1317752869556777E-10 -1.1317752869556778E-20 0. 101
 4.33000005222857 -1.1232725276998873E-10 -1.1232725276998873E-20 0. 101
 4.335000052116811 -1.1148388178814823E-10 -1.1148388178814823E-20 0. 101
 4.340000052005053 -1.1064735902830065E-10 -1.1064735902830064E-20 0. 101
 4.345000051893294 -1.0981762816858757E-10 -1.0981762816858757E-20 0. 101
 4.350000051781535 -1.089946332865748E-10 -1.089946332865748E-20 0. 101
 4.355000051669776 -1.0817831885870536E-10 -1.0817831885870536E-20 0. 101
 4.360000051558018 -1.073686297596734E-10 -1.073686297596734E-20 0. 101
 4.365000051446259 -1.0656551126172241E-10 -1.0656551126172241E-20 0. 101
 4.3700000513345 -1.0576890903386856E-10 -1.0576890903386855E-20 0. 101
 4.375000051222742 -1.0497876914105635E-10 -1.0497876914105635E-20 0. 101
 4.380000051110983 -1.0419503804324337E-10 -1.0419503804324336E-20 0. 101
 4.385000050999224 -1.0341766259442058E-10 -1.0341766259442059E-20 0. 101
 4.3900000508874655 -1.026465900415718E-10 -1.026465900415718E-20 0. 101
 4.395000050775707 -1.0188176802356962E-10 -1.0188176802356962E-20 0. 101
 4.400000050663948 -1.0112314457001652E-10 -1.0112314457001652E-20 0. 101
 4.405000050552189 -1.0037066810002862E-10 -1.0037066810002863E-20 0. 101
 4.410000050440431 -9.962428742096644E-11 -9.962428742096645E-21 0. 101
 4.415000050328672 -9.888395172711512E-11 -9.888395172711512E-21 0. 101
 4.420000050216913 -9.814961059831532E-11 -9.814961059831533E-21 0. 101
 4.4250000501051545 -9.742121399854738E-11 -9.742121399854738E-21 0. 101
 4.430000049993396 -9.669871227446984E-11 -9.669871227446985E-21 0. 101
 4.435000049881637 -9.598205615391674E-11 -9.598205615391674E-21 0. 101
 4.440000049769878 -9.527119674435194E-11 -9.527119674435195E-21 0. 101
 4.44500004965812 -9.456608553128514E-11 -9.456608553128514E-21 0. 101
 4.450000049546361 -9.386667437665088E-11 -9.386667437665087E-21 0. 101
 4.455000049434602 -9.317291551715081E-11 -9.317291551715081E-21 0. 101
 4.4600000493228436 -9.248476156256255E-11 -9.248476156256255E-21 0. 101
 4.465000049211085 -9.180216549401625E-11 -9.180216549401625E-21 0. 101
 4.470000049099326 -9.112508066223947E-11 -9.112508066223947E-21 0. 101
 4.475000048987567 -9.045346078577375E-11 -9.045346078577375E-21 0. 101
 4.480000048875809 -8.978725994916267E-11 -8.978725994916267E-21 0. 101
 4.48500004876405 -8.912643260111315E-11 -8.912643260111315E-21 0. 101
 4.490000048652291 -8.847093355263318E-11 -8.847093355263319E-21 0. 101
 4.495000048540533 -8.782071797514418E-11 -8.782071797514418E-21 0. 101
 4.500000048428774 -8.717574139857154E-11 -8.717574139857155E-21 0. 101
 4.505000048317015 -8.653595970941457E-11 -8.653595970941457E-21 0. 101
 4.5100000482052565 -8.590132914879596E-11 -8.590132914879595E-21 0. 101
 4.515000048093498 -8.527180631049251E-11 -8.527180631049251E-21 0. 101
 4.520000047981739 -8.46473481389486E-11 -8.46473481389486E-21 0. 101
 4.52500004786998 -8.4027911927273E-11 -8.4027911927273E-21 0. 101
 4.530000047758222 -8.34134553152205E-11 -8.34134553152205E-21 0. 101
 4.535000047646463 -8.280393628715863E-11 -8.280393628715863E-21 0. 101
 4.540000047534704 -8.219931317002246E-11 -8.219931317002246E-21 0. 101
 4.5450000474229455 -8.159954463125443E-11 -8.159954463125443E-21 0. 101
 4.550000047311187 -8.100458967673641E-11 -8.10045896767364E-21 0. 101
 4.555000047199428 -8.041440764870736E-11 -8.041440764870736E-21 0. 101
 4.560000047087669 -7.982895822367503E-11 -7.982895822367503E-21 0. 101
 4.565000046975911 -7.92482014103158E-11 -7.924820141031579E-21 0. 101
 4.570000046864152 -7.867209754736895E-11 -7.867209754736895E-21 0. 101
 4.575000046752393 -7.810060730152283E-11 -7.810060730152283E-21 0. 101
 4.5800000466406345 -7.753369166529403E-11 -7.753369166529403E-21 0. 101
 4.585000046528876 -7.697131195490271E-11 -7.69713119549027E-21 0. 101
 4.590000046417117 -7.641342980814135E-11 -7.641342980814135E-21 0. 101
 4.595000046305358 -7.586000718224051E-11 -7.586000718224051E-21 0. 101
 4.6000000461936 -7.531100635173044E-11 -7.531100635173044E-21 0. 101
 4.605000046081841 -7.476638990630021E-11 -7.476638990630022E-21 0. 101
 4.610000045970082 -7.422612074865454E-11 -7.422612074865454E-21 0. 101
 4.615000045858324 -7.369016209236908E-11 -7.369016209236908E-21 0. 101
 4.620000045746565 -7.315847745974496E-11 -7.315847745974496E-21 0. 101
 4.625000045634806 -7.263103067966214E-11 -7.263103067966214E-21 0. 101
 4.6300000455230474 -7.21077858854338E-11 -7.21077858854338E-21 0. 101
 4.635000045411289 -7.158870751266124E-11 -7.158870751266125E-21 0. 101
 4.64000004529953 -7.107376029708895E-11 -7.107376029708896E-21 0. 101
 4.645000045187771 -7.056290927246286E-11 -7.056290927246286E-21 0. 101
 4.650000045076013 -7.005611976838984E-11 -7.005611976838985E-21 0. 101
 4.655000044964254 -6.955335740819996E-11 -6.955335740819996E-21 0. 101
 4.660000044852495 -6.905458810681131E-11 -6.90545881068113E-21 0. 101
 4.6650000447407365 -6.855977806859945E-11 -6.855977806859945E-21 0. 101
 4.670000044628978 -6.806889378526973E-11 -6.806889378526973E-21 0. 101
 4.675000044517219 -6.758190203373445E-11 -6.7581902033734455E-21 0. 101
 4.68000004440546 -6.709876987399401E-11 -6.7098769873994E-21 0. 101
 4.685000044293702 -6.661946464702402E-11 -6.6619464647024015E-21 0. 101
 4.690000044181943 -6.614395397266667E-11 -6.614395397266667E-21 0. 101
 4.695000044070184 -6.567220574752898E-11 -6.567220574752898E-21 0. 101
 4.7000000439584255 -6.520418814288602E-11 -6.520418814288603E-21 0. 101
 4.705000043846667 -6.473986960259115E-11 -6.473986960259115E-21 0. 101
 4.710000043734908 -6.427921884099278E-11 -6.427921884099278E-21 0. 101
 4.715000043623149 -6.382220484085753E-11 -6.382220484085752E-21 0. 101
 4.720000043511391 -6.336879685130151E-11 -6.336879685130151E-21 0. 101
 4.725000043399632 -6.29189643857281E-11 -6.29189643857281E-21 0. 101
 4.730000043287873 -6.247267721977426E-11 -6.247267721977426E-21 0. 101
 4.735000043176115 -6.202990538926416E-11 -6.202990538926416E-21 0. 101
 4.740000043064356 -6.159061918817127E-11 -6.159061918817127E-21 0. 101
 4.745000042952597 -6.115478916658901E-11 -6.115478916658901E-21 0. 101
 4.750000042840838 -6.072238612870972E-11 -6.072238612870972E-21 0. 101
 4.75500004272908 -6.029338113081244E-11 -6.029338113081243E-21 0. 101
 4.760000042617321 -5.986774547926006E-11 -5.986774547926007E-21 0. 101
 4.765000042505562 -5.944545072850535E-11 -5.9445450728505355E-21 0. 101
 4.770000042393804 -5.902646867910618E-11 -5.9026468679106174E-21 0. 101
 4.775000042282045 -5.86107713757508E-11 -5.8610771375750806E-21 0. 101
 4.780000042170286 -5.819833110529241E-11 -5.819833110529241E-21 0. 101
 4.7850000420585275 -5.778912039479345E-11 -5.7789120394793455E-21 0. 101
 4.790000041946769 -5.73831120095807E-11 -5.73831120095807E-21 0. 101
 4.79500004183501 -5.6980278951309234E-11 -5.698027895130923E-21 0. 101
 4.800000041723251 -5.658059445603741E-11 -5.658059445603741E-21 0. 101
 4.805000041611493 -5.618403199231227E-11 -5.618403199231227E-21 0. 101
 4.810000041499734 -5.579056525926511E-11 -5.579056525926511E-21 0. 101
 4.815000041387975 -5.540016818471764E-11 -5.540016818471764E-21 0. 101
 4.8200000412762165 -5.5012814923299176E-11 -5.501281492329917E-21 0. 101
 4.825000041164458 -5.4628479854573846E-11 -5.462847985457385E-21 0. 101
 4.830000041052699 -5.424713758117956E-11 -5.424713758117956E-21 0. 101
 4.83500004094094 -5.386876292697759E-11 -5.386876292697759E-21 0. 101
 4.840000040829182 -5.349333093521276E-11 -5.349333093521276E-21 0. 101
 4.845000040717423 -5.312081686668526E-11 -5.312081686668526E-21 0. 101
 4.850000040605664 -5.275119619793344E-11 -5.275119619793344E-21 0. 101
 4.8550000404939055 -5.23844446194277E-11 -5.23844446194277E-21 0. 101
 4.860000040382147 -5.202053803377583E-11 -5.2020538033775834E-21 0. 101
 4.865000040270388 -5.1659452553939637E-11 -5.165945255393964E-21 0. 101
 4.870000040158629 -5.130116450146294E-11 -5.1301164501462935E-21 0. 101
 4.875000040046871 -5.0945650404710715E-11 -5.094565040471071E-21 0. 101
 4.880000039935112 -5.05928869971203E-11 -5.05928869971203E-21 0. 101
 4.885000039823353 -5.024285121546343E-11 -5.024285121546343E-21 0. 101
 4.890000039711595 -4.9895520198120215E-11 -4.989552019812021E-21 0. 101
 4.895000039599836 -4.955087128336426E-11 -4.955087128336426E-21 0. 101
 4.900000039488077 -4.9208882007660285E-11 -4.920888200766029E-21 0. 101
 4.9050000393763185 -4.886953010397169E-11 -4.886953010397169E-21 0. 101
 4.91000003926456 -4.8532793500081574E-11 -4.853279350008157E-21 0. 101
 4.915000039152801 -4.8198650316923545E-11 -4.819865031692354E-21 0. 101
 4.920000039041042 -4.786707886692596E-11 -4.786707886692596E-21 0. 101
 4.925000038929284 -4.75380576523663E-11 -4.75380576523663E-21 0. 101
 4.930000038817525 -4.72115653637379E-11 -4.72115653637379E-21 0. 101
 4.935000038705766 -4.6887580878128035E-11 -4.688758087812803E-21 0. 101
 4.9400000385940075 -4.6566083257608E-11 -4.6566083257608E-21 0. 101
 4.945000038482249 -4.624705174763416E-11 -4.624705174763416E-21 0. 101
 4.95000003837049 -4.5930465775461235E-11 -4.5930465775461236E-21 0. 101
 4.955000038258731 -4.5616304948566704E-11 -4.5616304948566704E-21 0. 101
 4.960000038146973 -4.5304549053087143E-11 -4.530454905308714E-21 0. 101
 4.965000038035214 -4.499517805226562E-11 -4.4995178052265624E-21 0. 101
 4.970000037923455 -4.46881720849114E-11 -4.46881720849114E-21 0. 101
 4.9750000378116965 -4.438351146387026E-11 -4.438351146387026E-21 0. 101
 4.980000037699938 -4.4081176674506935E-11 -4.408117667450694E-21 0. 101
 4.985000037588179 -4.378114837319891E-11 -4.378114837319891E-21 0. 101
 4.99000003747642 -4.348340738584136E-11 -4.348340738584136E-21 0. 101
 4.995000037364662 -4.318793470636372E-11 -4.318793470636372E-21 0. 101
 5.000000037252903 -4.2894711495257795E-11 -4.2894711495257794E-21 0. 101
 5.005000037141144 -4.260371907811673E-11 -4.260371907811673E-21 0. 101
 5.010000037029386 -4.2314938944185886E-11 -4.231493894418589E-21 0. 101
 5.015000036917627 -4.2028352744924235E-11 -4.2028352744924236E-21 0. 101
 5.020000036805868 -4.1743942292577825E-11 -4.1743942292577826E-21 0. 101
 5.025000036694109 -4.1461689558763745E-11 -4.146168955876375E-21 0. 101
 5.030000036582351 -4.11815766730658E-11 -4.11815766730658E-21 0. 101
 5.035000036470592 -4.090358592164066E-11 -4.090358592164066E-21 0. 101
 5.040000036358833 -4.062769974583554E-11 -4.062769974583554E-21 0. 101
 5.045000036247075 -4.035390074081705E-11 -4.035390074081705E-21 0. 101
 5.050000036135316 -4.008217165421032E-11 -4.008217165421032E-21 0. 101
 5.055000036023557 -3.981249538474958E-11 -3.9812495384749574E-21 0. 101
 5.0600000359117985 -3.954485498093977E-11 -3.954485498093977E-21 0. 101
 5.06500003580004 -3.927923363972848E-11 -3.927923363972848E-21 0. 101
 5.070000035688281 -3.901561470518877E-11 -3.901561470518877E-21 0. 101
 5.075000035576522 -3.875398166721322E-11 -3.875398166721322E-21 0. 101
 5.080000035464764 -3.849431816021789E-11 -3.849431816021789E-21 0. 101
 5.085000035353005 -3.823660796185749E-11 -3.823660796185749E-21 0. 101
 5.090000035241246 -3.7980834991750823E-11 -3.7980834991750824E-21 0. 101
 5.0950000351294875 -3.772698331021678E-11 -3.772698331021678E-21 0. 101
 5.100000035017729 -3.747503711702103E-11 -3.7475037117021026E-21 0. 101
 5.10500003490597 -3.72249807501327E-11 -3.72249807501327E-21 0. 101
 5.110000034794211 -3.6976798684491573E-11 -3.6976798684491575E-21 0. 101
 5.115000034682453 -3.673047553078582E-11 -3.673047553078582E-21 0. 101
 5.120000034570694 -3.648599603423951E-11 -3.648599603423951E-21 0. 101
 5.125000034458935 -3.624334507341061E-11 -3.624334507341061E-21 0. 101
 5.1300000343471766 -3.600250765899904E-11 -3.6002507658999034E-21 0. 101
 5.135000034235418 -3.576346893266457E-11 -3.576346893266457E-21 0. 101
 5.140000034123659 -3.5526214165855126E-11 -3.552621416585513E-21 0. 101
 5.1450000340119 -3.529072875864456E-11 -3.529072875864456E-21 0. 101
 5.150000033900142 -3.505699823858058E-11 -3.505699823858058E-21 0. 101
 5.155000033788383 -3.48250082595423E-11 -3.48250082595423E-21 0. 101
 5.160000033676624 -3.459474460060776E-11 -3.459474460060776E-21 0. 101
 5.165000033564866 -3.436619316493107E-11 -3.436619316493107E-21 0. 101
 5.170000033453107 -3.413933997862893E-11 -3.4139339978628926E-21 0. 101
 5.175000033341348 -3.391417118967694E-11 -3.3914171189676944E-21 0. 101
 5.1800000332295895 -3.3690673066815484E-11 -3.3690673066815487E-21 0. 101
 5.185000033117831 -3.346883199846484E-11 -3.3468831998464844E-21 0. 101
 5.190000033006072 -3.3248634491649675E-11 -3.3248634491649673E-21 0. 101
 5.195000032894313 -3.303006717093307E-11 -3.303006717093307E-21 0. 101
 5.200000032782555 -3.2813116777359553E-11 -3.2813116777359552E-21 0. 101
 5.205000032670796 -3.259777016740737E-11 -3.259777016740737E-21 0. 101
 5.210000032559037 -3.238401431195002E-11 -3.2384014311950023E-21 0. 101
 5.2150000324472785 -3.2171836295226703E-11 -3.2171836295226704E-21 0. 101
 5.22000003233552 -3.196122331382161E-11 -3.1961223313821613E-21 0. 101
 5.225000032223761 -3.175216267565268E-11 -3.175216267565268E-21 0. 101
 5.230000032112002 -3.1544641798968486E-11 -3.1544641798968487E-21 0. 101
 5.235000032000244 -3.133864821135454E-11 -3.133864821135454E-21 0. 101
 5.240000031888485 -3.113416954874808E-11 -3.1134169548748077E-21 0. 101
 5.245000031776726 -3.093119355446147E-11 -3.0931193554461475E-21 0. 101
 5.2500000316649675 -3.072970807821426E-11 -3.0729708078214264E-21 0. 101
 5.255000031553209 -3.0529701075173966E-11 -3.0529701075173964E-21 0. 101
 5.26000003144145 -3.033116060500516E-11 -3.033116060500516E-21 0. 101
 5.265000031329691 -3.013407483092683E-11 -3.0134074830926835E-21 0. 101
 5.270000031217933 -2.9938432018778604E-11 -2.9938432018778607E-21 0. 101
 5.275000031106174 -2.9744220536094674E-11 -2.9744220536094674E-21 0. 101
 5.280000030994415 -2.955142885118628E-11 -2.9551428851186278E-21 0. 101
 5.285000030882657 -2.936004553223249E-11 -2.9360045532232485E-21 0. 101
 5.290000030770898 -2.917005924637869E-11 -2.917005924637869E-21 0. 101
 5.295000030659139 -2.898145875884347E-11 -2.898145875884347E-21 0. 101
 5.3000000305473804 -2.879423293203323E-11 -2.8794232932033232E-21 0. 101
 5.305000030435622 -2.8608370724665054E-11 -2.8608370724665053E-21 0. 101
 5.310000030323863 -2.8423861190897026E-11 -2.8423861190897025E-21 0. 101
 5.315000030212104 -2.824069347946655E-11 -2.824069347946655E-21 0. 101
 5.320000030100346 -2.8058856832836547E-11 -2.8058856832836547E-21 0. 101
 5.325000029988587 -2.7878340586349035E-11 -2.7878340586349036E-21 0. 101
 5.330000029876828 -2.769913416738649E-11 -2.769913416738649E-21 0. 101
 5.3350000297650695 -2.7521227094540844E-11 -2.7521227094540844E-21 0. 101
 5.340000029653311 -2.734460897678963E-11 -2.734460897678963E-21 0. 101
 5.345000029541552 -2.716926951268002E-11 -2.716926951268002E-21 0. 101
 5.350000029429793 -2.699519848951982E-11 -2.699519848951982E-21 0. 101
 5.355000029318035 -2.6822385782576237E-11 -2.6822385782576238E-21 0. 101
 5.360000029206276 -2.66508213542812E-11 -2.66508213542812E-21 0. 101
 5.365000029094517 -2.648049525344465E-11 -2.648049525344465E-21 0. 101
 5.3700000289827585 -2.6311397614474446E-11 -2.6311397614474446E-21 0. 101
 5.375000028871 -2.6143518656603548E-11 -2.6143518656603548E-21 0. 101
 5.380000028759241 -2.5976848683124126E-11 -2.5976848683124127E-21 0. 101
 5.385000028647482 -2.5811378080628706E-11 -2.5811378080628707E-21 0. 101
 5.390000028535724 -2.5647097318258288E-11 -2.564709731825829E-21 0. 101
 5.395000028423965 -2.548399694695694E-11 -2.5483996946956937E-21 0. 101
 5.400000028312206 -2.5322067598733642E-11 -2.532206759873364E-21 0. 101
 5.405000028200448 -2.5161299985930686E-11 -2.5161299985930688E-21 0. 101
 5.410000028088689 -2.5001684900498532E-11 -2.5001684900498534E-21 0. 101
 5.41500002797693 -2.4843213213277504E-11 -2.4843213213277503E-21 0. 101
 5.420000027865171 -2.4685875873286246E-11 -2.4685875873286245E-21 0. 101
 5.425000027753413 -2.4529663907016073E-11 -2.4529663907016074E-21 0. 101
 5.430000027641654 -2.4374568417732358E-11 -2.4374568417732358E-21 0. 101
 5.435000027529895 -2.4220580584782023E-11 -2.4220580584782024E-21 0. 101
 5.440000027418137 -2.4067691662907414E-11 -2.4067691662907413E-21 0. 101
 5.445000027306378 -2.391589298156651E-11 -2.391589298156651E-21 0. 101
 5.450000027194619 -2.3765175944259323E-11 -2.3765175944259323E-21 0. 101
 5.4550000270828605 -2.3615532027860397E-11 -2.3615532027860397E-21 0. 101
 5.460000026971102 -2.346695278195762E-11 -2.346695278195762E-21 0. 101
 5.465000026859343 -2.331942982819698E-11 -2.3319429828196982E-21 0. 101
 5.470000026747584 -2.317295485963318E-11 -2.317295485963318E-21 0. 101
 5.475000026635826 -2.302751964008664E-11 -2.302751964008664E-21 0. 101
 5.480000026524067 -2.2883116003505997E-11 -2.2883116003505997E-21 0. 101
 5.485000026412308 -2.2739735853336612E-11 -2.2739735853336613E-21 0. 101
 5.4900000263005495 -2.2597371161894945E-11 -2.2597371161894946E-21 0. 101
 5.495000026188791 -2.2456013969748728E-11 -2.245601396974873E-21 0. 101
 5.500000026077032 -2.2315656385102536E-11 -2.2315656385102536E-21 0. 101
 5.505000025965273 -2.2176290583189414E-11 -2.2176290583189416E-21 0. 101
 5.510000025853515 -2.203790880566787E-11 -2.2037908805667872E-21 0. 101
 5.515000025741756 -2.19005033600039E-11 -2.19005033600039E-21 0. 100
 5.520000025629997 -2.176406661896163E-11 -2.1764066618961628E-21 0. 100
 5.5250000255182385 -2.162859101989289E-11 -2.162859101989289E-21 0. 100
 5.53000002540648 -2.149406906423892E-11 -2.149406906423892E-21 0. 100
 5.535000025294721 -2.1360493316934195E-11 -2.1360493316934195E-21 0. 100
 5.540000025182962 -2.1227856405835847E-11 -2.1227856405835847E-21 0. 100
 5.545000025071204 -2.1096151021158748E-11 -2.109615102115875E-21 0. 100
 5.550000024959445 -2.0965369914915597E-11 -2.0965369914915596E-21 0. 100
 5.555000024847686 -2.083550590036221E-11 -2.083550590036221E-21 0. 100
 5.560000024735928 -2.0706551851448022E-11 -2.0706551851448023E-21 0. 100
 5.565000024624169 -2.0578500702271653E-11 -2.0578500702271654E-21 0. 100
 5.57000002451241 -2.045134544654131E-11 -2.045134544654131E-21 0. 100
 5.5750000244006515 -2.0325079137040465E-11 -2.0325079137040465E-21 0. 100
 5.580000024288893 -2.0199694885098264E-11 -2.0199694885098263E-21 0. 100
 5.585000024177134 -2.0075185860065012E-11 -2.0075185860065013E-21 0. 100
 5.590000024065375 -1.9951545288792326E-11 -1.9951545288792327E-21 0. 100
 5.595000023953617 -1.9828766455118188E-11 -1.9828766455118188E-21 0. 100
 5.600000023841858 -1.9706842699356837E-11 -1.9706842699356837E-21 0. 100
 5.605000023730099 -1.9585767417793214E-11 -1.9585767417793213E-21 0. 100
 5.6100000236183405 -1.9465534062182258E-11 -1.946553406218226E-21 0. 100
 5.615000023506582 -1.9346136139252753E-11 -1.934613613925275E-21 0. 100
 5.620000023394823 -1.9227567210215696E-11 -1.9227567210215695E-21 0. 100
 5.625000023283064 -1.9109820890277467E-11 -1.9109820890277468E-21 0. 100
 5.630000023171306 -1.8992890848157174E-11 -1.8992890848157173E-21 0. 100
 5.635000023059547 -1.8876770805608702E-11 -1.88767708056087E-21 0. 100
 5.640000022947788 -1.8761454536947277E-11 -1.8761454536947276E-21 0. 100
 5.6450000228360295 -1.864693586857984E-11 -1.864693586857984E-21 0. 100
 5.650000022724271 -1.8533208678540845E-11 -1.8533208678540844E-21 0. 100
 5.655000022612512 -1.842026689603112E-11 -1.842026689603112E-21 0. 100
 5.660000022500753 -1.830810450096195E-11 -1.830810450096195E-21 0. 100
 5.665000022388995 -1.8196715523502838E-11 -1.819671552350284E-21 0. 100
 5.670000022277236 -1.8086094043633806E-11 -1.8086094043633807E-21 0. 100
 5.675000022165477 -1.797623419070159E-11 -1.797623419070159E-21 0. 100
 5.680000022053719 -1.786713014298004E-11 -1.786713014298004E-21 0. 100
 5.68500002194196 -1.775877612723477E-11 -1.775877612723477E-21 0. 100
 5.690000021830201 -1.7651166418291357E-11 -1.765116641829136E-21 0. 100
 5.695000021718442 -1.754429533860819E-11 -1.754429533860819E-21 0. 100
 5.700000021606684 -1.7438157257852843E-11 -1.7438157257852844E-21 0. 100
 5.705000021494925 -1.7332746592482346E-11 -1.7332746592482347E-21 0. 100
 5.710000021383166 -1.722805780532768E-11 -1.722805780532768E-21 0. 100
 5.715000021271408 -1.712408540518182E-11 -1.712408540518182E-21 0. 100
 5.720000021159649 -1.7020823946391714E-11 -1.7020823946391714E-21 0. 100
 5.72500002104789 -1.6918268028454057E-11 -1.6918268028454056E-21 0. 100
 5.7300000209361315 -1.681641229561477E-11 -1.681641229561477E-21 0. 100
 5.735000020824373 -1.6715251436472242E-11 -1.6715251436472243E-21 0. 100
 5.740000020712614 -1.6614780183584134E-11 -1.6614780183584134E-21 0. 100
 5.745000020600855 -1.6514993313077984E-11 -1.6514993313077985E-21 0. 100
 5.750000020489097 -1.6415885644265313E-11 -1.6415885644265313E-21 0. 100
 5.755000020377338 -1.6317452039259324E-11 -1.6317452039259322E-21 0. 100
 5.760000020265579 -1.621968740259617E-11 -1.621968740259617E-21 0. 100
 5.7650000201538205 -1.6122586680859708E-11 -1.6122586680859707E-21 0. 100
 5.770000020042062 -1.6026144862309728E-11 -1.6026144862309727E-21 0. 100
 5.775000019930303 -1.593035697651364E-11 -1.5930356976513642E-21 0. 100
 5.780000019818544 -1.5835218093981566E-11 -1.5835218093981566E-21 0. 100
 5.785000019706786 -1.574072332580478E-11 -1.574072332580478E-21 0. 100
 5.790000019595027 -1.5646867823297516E-11 -1.5646867823297517E-21 0. 100
 5.795000019483268 -1.5553646777642173E-11 -1.5553646777642174E-21 0. 100
 5.8000000193715096 -1.5461055419537643E-11 -1.5461055419537645E-21 0. 100
 5.805000019259751 -1.5369089018851E-11 -1.5369089018850999E-21 0. 100
 5.810000019147992 -1.5277742884272392E-11 -1.5277742884272393E-21 0. 100
 5.815000019036233 -1.5187012362973126E-11 -1.5187012362973126E-21 0. 100
 5.820000018924475 -1.5096892840266937E-11 -1.5096892840266938E-21 0. 100
 5.825000018812716 -1.500737973927431E-11 -1.500737973927431E-21 0. 100
 5.830000018700957 -1.4918468520589986E-11 -1.4918468520589987E-21 0. 100
 5.835000018589199 -1.4830154681953537E-11 -1.4830154681953536E-21 0. 100
 5.84000001847744 -1.4742433757922904E-11 -1.4742433757922904E-21 0. 100
 5.845000018365681 -1.465530131955111E-11 -1.465530131955111E-21 0. 100
 5.8500000182539225 -1.4568752974065744E-11 -1.4568752974065743E-21 0. 100
 5.855000018142164 -1.4482784364551643E-11 -1.4482784364551644E-21 0. 100
 5.860000018030405 -1.4397391169636245E-11 -1.4397391169636246E-21 0. 100
 5.865000017918646 -1.4312569103178146E-11 -1.4312569103178146E-21 0. 100
 5.870000017806888 -1.4228313913958233E-11 -1.4228313913958234E-21 0. 100
 5.875000017695129 -1.4144621385373936E-11 -1.4144621385373936E-21 0. 100
 5.88000001758337 -1.406148733513602E-11 -1.406148733513602E-21 0. 100
 5.8850000174716115 -1.39789076149685E-11 -1.39789076149685E-21 0. 100
 5.890000017359853 -1.3896878110311025E-11 -1.3896878110311025E-21 0. 100
 5.895000017248094 -1.3815394740024161E-11 -1.3815394740024161E-21 0. 100
 5.900000017136335 -1.3734453456097388E-11 -1.3734453456097388E-21 0. 100
 5.905000017024577 -1.3654050243359809E-11 -1.365405024335981E-21 0. 100
 5.910000016912818 -1.3574181119193332E-11 -1.357418111919333E-21 0. 100
 5.915000016801059 -1.3494842133248777E-11 -1.3494842133248777E-21 0. 100
 5.9200000166893005 -1.3416029367164428E-11 -1.341602936716443E-21 0. 100
 5.925000016577542 -1.3337738934287192E-11 -1.333773893428719E-21 0. 100
 5.930000016465783 -1.3259966979396336E-11 -1.3259966979396337E-21 0. 100
 5.935000016354024 -1.3182709678429778E-11 -1.3182709678429779E-21 0. 100
 5.940000016242266 -1.3105963238212943E-11 -1.3105963238212942E-21 0. 100
 5.945000016130507 -1.3029723896189986E-11 -1.3029723896189986E-21 0. 100
 5.950000016018748 -1.2953987920157627E-11 -1.2953987920157626E-21 0. 100
 5.95500001590699 -1.2878751608001292E-11 -1.2878751608001292E-21 0. 100
 5.960000015795231 -1.2804011287433835E-11 -1.2804011287433835E-21 0. 100
 5.965000015683472 -1.2729763315736542E-11 -1.2729763315736543E-21 0. 100
 5.9700000155717134 -1.265600407950254E-11 -1.265600407950254E-21 0. 100
 5.975000015459955 -1.258272999438259E-11 -1.258272999438259E-21 0. 100
 5.980000015348196 -1.2509937504833197E-11 -1.2509937504833198E-21 0. 100
 5.985000015236437 -1.2437623083867029E-11 -1.2437623083867029E-21 0. 100
 5.990000015124679 -1.2365783232805641E-11 -1.2365783232805641E-21 0. 100
 5.99500001501292 -1.2294414481034422E-11 -1.2294414481034421E-21 0. 100
 6.000000014901161 -1.2223513385759832E-11 -1.2223513385759832E-21 0. 100
 6.0050000147894025 -1.2153076531768841E-11 -1.215307653176884E-21 0. 100
 6.010000014677644 -1.2083100531190661E-11 -1.2083100531190661E-21 0. 100
 6.015000014565885 -1.2013582023260452E-11 -1.2013582023260452E-21 0. 100
 6.020000014454126 -1.1944517674085415E-11 -1.1944517674085416E-21 0. 100
 6.025000014342368 -1.1875904176412918E-11 -1.1875904176412918E-21 0. 100
 6.030000014230609 -1.1807738249400702E-11 -1.1807738249400701E-21 0. 100
 6.03500001411885 -1.1740016638389334E-11 -1.1740016638389334E-21 0. 100
 6.0400000140070915 -1.1672736114676559E-11 -1.1672736114676558E-21 0. 100
 6.045000013895333 -1.1605893475293893E-11 -1.1605893475293892E-21 0. 100
 6.050000013783574 -1.1539485542785087E-11 -1.1539485542785086E-21 0. 100
 6.055000013671815 -1.1473509164986745E-11 -1.1473509164986745E-21 0. 100
 6.060000013560057 -1.1407961214810926E-11 -1.1407961214810925E-21 0. 100
 6.065000013448298 -1.1342838590029616E-11 -1.1342838590029616E-21 0. 100
 6.070000013336539 -1.1278138213061322E-11 -1.1278138213061323E-21 0. 100
 6.075000013224781 -1.1213857030759554E-11 -1.1213857030759554E-21 0. 100
 6.080000013113022 -1.1149992014203126E-11 -1.1149992014203125E-21 0. 100
 6.085000013001263 -1.10865401584886E-11 -1.10865401584886E-21 0. 100
 6.090000012889504 -1.102349848252441E-11 -1.102349848252441E-21 0. 100
 6.095000012777746 -1.0960864028826889E-11 -1.0960864028826888E-21 0. 100
 6.100000012665987 -1.0898633863318352E-11 -1.0898633863318352E-21 0. 100
 6.105000012554228 -1.0836805075126707E-11 -1.0836805075126707E-21 0. 100
 6.11000001244247 -1.0775374776387151E-11 -1.0775374776387152E-21 0. 100
 6.115000012330711 -1.0714340102045526E-11 -1.0714340102045526E-21 0. 100
 6.120000012218952 -1.0653698209663522E-11 -1.0653698209663522E-21 0. 100
 6.1250000121071935 -1.0593446279225616E-11 -1.0593446279225616E-21 0. 100
 6.130000011995435 -1.0533581512947756E-11 -1.0533581512947756E-21 0. 100
 6.135000011883676 -1.0474101135087883E-11 -1.0474101135087884E-21 0. 100
 6.140000011771917 -1.0415002391758011E-11 -1.0415002391758012E-21 0. 100
 6.145000011660159 -1.035628255073813E-11 -1.035628255073813E-21 0. 100
 6.1500000115484 -1.0297938901291775E-11 -1.0297938901291775E-21 0. 100
 6.155000011436641 -1.0239968753983267E-11 -1.0239968753983267E-21 0. 100
 6.1600000113248825 -1.0182369440496507E-11 -1.0182369440496507E-21 0. 100
 6.165000011213124 -1.0125138313455601E-11 -1.0125138313455602E-21 0. 100
 6.170000011101365 -1.0068272746246986E-11 -1.0068272746246986E-21 0. 100
 6.175000010989606 -1.0011770132843174E-11 -1.0011770132843174E-21 0. 100
 6.180000010877848 -9.955627887628104E-12 -9.955627887628104E-22 0. 100
 6.185000010766089 -9.899843445224038E-12 -9.899843445224038E-22 0. 100
 6.19000001065433 -9.844414260320147E-12 -9.844414260320146E-22 0. 100
 6.1950000105425715 -9.789337807502488E-12 -9.789337807502488E-22 0. 100
 6.200000010430813 -9.734611581085617E-12 -9.734611581085616E-22 0. 100
 6.205000010319054 -9.68023309494564E-12 -9.68023309494564E-22 0. 100
 6.210000010207295 -9.626199882354911E-12 -9.626199882354912E-22 0. 100
 6.215000010095537 -9.572509495818035E-12 -9.572509495818035E-22 0. 100
 6.220000009983778 -9.51915950690949E-12 -9.51915950690949E-22 0. 100
 6.225000009872019 -9.466147506112684E-12 -9.466147506112684E-22 0. 100
 6.230000009760261 -9.413471102660378E-12 -9.413471102660377E-22 0. 100
 6.235000009648502 -9.361127924376703E-12 -9.361127924376703E-22 0. 100
 6.240000009536743 -9.30911561752041E-12 -9.30911561752041E-22 0. 100
 6.2450000094249845 -9.257431846629725E-12 -9.257431846629725E-22 0. 100
 6.250000009313226 -9.206074294368414E-12 -9.206074294368414E-22 0. 100
 6.255000009201467 -9.155040661373412E-12 -9.155040661373413E-22 0. 100
 6.260000009089708 -9.104328666103574E-12 -9.104328666103574E-22 0. 100
 6.26500000897795 -9.053936044690154E-12 -9.053936044690154E-22 0. 100
 6.270000008866191 -9.003860550788218E-12 -9.003860550788219E-22 0. 100
 6.275000008754432 -8.954099955429683E-12 -8.954099955429683E-22 0. 100
 6.2800000086426735 -8.904652046877508E-12 -8.904652046877507E-22 0. 100
 6.285000008530915 -8.855514630481368E-12 -8.855514630481367E-22 0. 100
 6.290000008419156 -8.806685528534364E-12 -8.806685528534364E-22 0. 100
 6.295000008307397 -8.75816258013129E-12 -8.75816258013129E-22 0. 100
 6.300000008195639 -8.709943641027891E-12 -8.709943641027892E-22 0. 100
 6.30500000808388 -8.662026583501754E-12 -8.662026583501755E-22 0. 100
 6.310000007972121 -8.614409296213974E-12 -8.614409296213973E-22 0. 100
 6.3150000078603625 -8.567089684072436E-12 -8.567089684072436E-22 0. 100
 6.320000007748604 -8.52006566809619E-12 -8.52006566809619E-22 0. 100
 6.325000007636845 -8.473335185280958E-12 -8.473335185280959E-22 0. 100
 6.330000007525086 -8.426896188465959E-12 -8.426896188465958E-22 0. 100
 6.335000007413328 -8.380746646201883E-12 -8.380746646201883E-22 0. 100
 6.340000007301569 -8.33488454262E-12 -8.33488454262E-22 0. 100
 6.34500000718981 -8.289307877302506E-12 -8.289307877302506E-22 0. 100
 6.350000007078052 -8.244014665153966E-12 -8.2440146651539665E-22 0. 100
 6.355000006966293 -8.199002936273934E-12 -8.199002936273934E-22 0. 100
 6.360000006854534 -8.154270735830687E-12 -8.154270735830687E-22 0. 100
 6.365000006742775 -8.109816123936127E-12 -8.109816123936128E-22 0. 100
 6.370000006631017 -8.065637175521682E-12 -8.065637175521682E-22 0. 100
 6.375000006519258 -8.0217319802155E-12 -8.021731980215501E-22 0. 100
 6.380000006407499 -7.978098642220525E-12 -7.978098642220524E-22 0. 100
 6.385000006295741 -7.93473528019378E-12 -7.934735280193779E-22 0. 100
 6.390000006183982 -7.891640027126735E-12 -7.891640027126736E-22 0. 100
 6.395000006072223 -7.848811030226652E-12 -7.848811030226652E-22 0. 100
 6.4000000059604645 -7.806246450799024E-12 -7.806246450799023E-22 0. 100
 6.405000005848706 -7.76394446413107E-12 -7.76394446413107E-22 0. 100
 6.410000005736947 -7.721903259376262E-12 -7.721903259376262E-22 0. 100
 6.415000005625188 -7.68012103943983E-12 -7.68012103943983E-22 0. 100
 6.42000000551343 -7.63859602086532E-12 -7.63859602086532E-22 0. 100
 6.425000005401671 -7.597326433722151E-12 -7.597326433722151E-22 0. 100
 6.430000005289912 -7.556310521494185E-12 -7.556310521494186E-22 0. 100
 6.4350000051781535 -7.515546540969186E-12 -7.515546540969186E-22 0. 100
 6.440000005066395 -7.475032762129402E-12 -7.475032762129401E-22 0. 100
 6.445000004954636 -7.43476746804299E-12 -7.43476746804299E-22 0. 100
 6.450000004842877 -7.394748954756469E-12 -7.394748954756469E-22 0. 100
 6.455000004731119 -7.354975531188073E-12 -7.354975531188073E-22 0. 100
 6.46000000461936 -7.31544551902209E-12 -7.315445519022091E-22 0. 100
 6.465000004507601 -7.276157252604095E-12 -7.276157252604095E-22 0. 100
 6.4700000043958426 -7.237109078837141E-12 -7.237109078837142E-22 0. 100
 6.475000004284084 -7.1982993570788E-12 -7.1982993570788E-22 0. 100
 6.480000004172325 -7.1597264590392066E-12 -7.159726459039207E-22 0. 100
 6.485000004060566 -7.121388768679886E-12 -7.121388768679886E-22 0. 100
 6.490000003948808 -7.083284682113571E-12 -7.0832846821135705E-22 0. 100
 6.495000003837049 -7.045412607504842E-12 -7.045412607504843E-22 0. 100
 6.50000000372529 -7.007770964971636E-12 -7.007770964971636E-22 0. 100
 6.505000003613532 -6.9703581864876504E-12 -6.97035818648765E-22 0. 100
 6.510000003501773 -6.933172715785594E-12 -6.933172715785594E-22 0. 100
 6.515000003390014 -6.89621300826126E-12 -6.89621300826126E-22 0. 100
 6.5200000032782555 -6.85947753087846E-12 -6.85947753087846E-22 0. 100
 6.525000003166497 -6.82296476207482E-12 -6.82296476207482E-22 0. 100
 6.530000003054738 -6.786673191668325E-12 -6.786673191668324E-22 0. 100
 6.535000002942979 -6.7506013207647414E-12 -6.750601320764742E-22 0. 100
 6.540000002831221 -6.714747661665839E-12 -6.714747661665839E-22 0. 100
 6.545000002719462 -6.679110737778412E-12 -6.6791107377784125E-22 0. 100
 6.550000002607703 -6.64368908352407E-12 -6.64368908352407E-22 0. 100
 6.5550000024959445 -6.60848124424983E-12 -6.60848124424983E-22 0. 100
 6.560000002384186 -6.573485776139538E-12 -6.573485776139538E-22 0. 100
 6.565000002272427 -6.538701246125967E-12 -6.538701246125967E-22 0. 100
 6.570000002160668 -6.5041262318037576E-12 -6.504126231803758E-22 0. 100
 6.57500000204891 -6.469759321343084E-12 -6.469759321343084E-22 0. 100
 6.580000001937151 -6.435599113404089E-12 -6.435599113404089E-22 0. 100
 6.585000001825392 -6.401644217052049E-12 -6.401644217052049E-22 0. 100
 6.5900000017136335 -6.367893251673229E-12 -6.367893251673229E-22 0. 100
 6.595000001601875 -6.334344846891637E-12 -6.334344846891637E-22 0. 100
 6.600000001490116 -6.300997642486269E-12 -6.300997642486268E-22 0. 100
 6.605000001378357 -6.267850288309228E-12 -6.267850288309228E-22 0. 100
 6.610000001266599 -6.234901444204543E-12 -6.234901444204543E-22 0. 100
 6.61500000115484 -6.2021497799276115E-12 -6.202149779927612E-22 0. 100
 6.620000001043081 -6.16959397506541E-12 -6.16959397506541E-22 0. 100
 6.625000000931323 -6.137232718957389E-12 -6.137232718957389E-22 0. 100
 6.630000000819564 -6.105064710617016E-12 -6.105064710617016E-22 0. 100
 6.635000000707805 -6.073088658654042E-12 -6.073088658654042E-22 0. 100
 6.6400000005960464 -6.041303281197401E-12 -6.041303281197401E-22 0. 100
 6.645000000484288 -6.009707305818803E-12 -6.009707305818803E-22 0. 100
 6.650000000372529 -5.9782994694569534E-12 -5.978299469456954E-22 0. 100
 6.65500000026077 -5.947078518342496E-12 -5.947078518342497E-22 0. 100
 6.660000000149012 -5.916043207923527E-12 -5.916043207923527E-22 0. 100
 6.665000000037253 -5.8851923027917665E-12 -5.885192302791767E-22 0. 100
 6.669999999925494 -5.854524576609434E-12 -5.854524576609434E-22 0. 100
 6.6749999998137355 -5.824038812036642E-12 -5.824038812036642E-22 0. 100
 6.679999999701977 -5.793733800659512E-12 -5.793733800659512E-22 0. 100
 6.684999999590218 -5.763608342918858E-12 -5.763608342918858E-22 0. 100
 6.689999999478459 -5.7336612480395E-12 -5.7336612480395E-22 0. 100
 6.694999999366701 -5.7038913339601846E-12 -5.703891333960184E-22 0. 100
 6.699999999254942 -5.6742974272640885E-12 -5.674297427264088E-22 0. 100
 6.704999999143183 -5.644878363109952E-12 -5.644878363109952E-22 0. 100
 6.7099999990314245 -5.615632985163783E-12 -5.615632985163783E-22 0. 100
 6.714999998919666 -5.5865601455311584E-12 -5.586560145531159E-22 0. 100
 6.719999998807907 -5.55765870469005E-12 -5.55765870469005E-22 0. 100
 6.724999998696148 -5.528927531424337E-12 -5.528927531424337E-22 0. 100
 6.72999999858439 -5.500365502757786E-12 -5.500365502757786E-22 0. 100
 6.734999998472631 -5.471971503888639E-12 -5.471971503888639E-22 0. 100
 6.739999998360872 -5.443744428124759E-12 -5.443744428124759E-22 0. 100
 6.744999998249114 -5.415683176819334E-12 -5.415683176819333E-22 0. 100
 6.749999998137355 -5.387786659307081E-12 -5.387786659307081E-22 0. 100
 6.754999998025596 -5.360053792841118E-12 -5.360053792841118E-22 0. 100
 6.759999997913837 -5.332483502530204E-12 -5.332483502530204E-22 0. 100
 6.764999997802079 -5.305074721276649E-12 -5.305074721276649E-22 0. 100
 6.76999999769032 -5.277826389714715E-12 -5.277826389714715E-22 0. 100
 6.774999997578561 -5.250737456149501E-12 -5.250737456149501E-22 0. 100
 6.779999997466803 -5.223806876496408E-12 -5.223806876496408E-22 0. 100
 6.784999997355044 -5.197033614221077E-12 -5.197033614221077E-22 0. 100
 6.789999997243285 -5.170416640279873E-12 -5.170416640279873E-22 0. 100
 6.7949999971315265 -5.143954933060819E-12 -5.143954933060819E-22 0. 100
 6.799999997019768 -5.117647478325099E-12 -5.117647478325099E-22 0. 100
 6.804999996908009 -5.0914932691490304E-12 -5.09149326914903E-22 0. 100
 6.80999999679625 -5.065491305866498E-12 -5.065491305866498E-22 0. 100
 6.814999996684492 -5.039640596011913E-12 -5.039640596011913E-22 0. 100
 6.819999996572733 -5.013940154263661E-12 -5.013940154263661E-22 0. 100
 6.824999996460974 -4.988389002387985E-12 -4.988389002387985E-22 0. 100
 6.8299999963492155 -4.962986169183401E-12 -4.9629861691834E-22 0. 100
 6.834999996237457 -4.937730690425539E-12 -4.9377306904255395E-22 0. 100
 6.839999996125698 -4.912621608812463E-12 -4.912621608812463E-22 0. 100
 6.844999996013939 -4.887657973910472E-12 -4.8876579739104725E-22 0. 100
 6.849999995902181 -4.862838842100322E-12 -4.862838842100322E-22 0. 100
 6.854999995790422 -4.838163276523946E-12 -4.838163276523946E-22 0. 100
 6.859999995678663 -4.8136303470315785E-12 -4.813630347031578E-22 0. 100
 6.8649999955669045 -4.7892391301293645E-12 -4.789239130129364E-22 0. 100
 6.869999995455146 -4.764988708927396E-12 -4.764988708927396E-22 0. 100
 6.874999995343387 -4.740878173088168E-12 -4.740878173088169E-22 0. 100
 6.879999995231628 -4.716906618775484E-12 -4.716906618775484E-22 0. 100
 6.88499999511987 -4.693073148603824E-12 -4.6930731486038235E-22 0. 100
 6.889999995008111 -4.66937687158806E-12 -4.66937687158806E-22 0. 100
 6.894999994896352 -4.645816903093676E-12 -4.645816903093676E-22 0. 100
 6.899999994784594 -4.622392364787353E-12 -4.622392364787353E-22 0. 100
 6.904999994672835 -4.599102384587986E-12 -4.599102384587985E-22 0. 100
 6.909999994561076 -4.575946096618114E-12 -4.575946096618114E-22 0. 100
 6.9149999944493175 -4.552922641155763E-12 -4.5529226411557635E-22 0. 100
 6.919999994337559 -4.530031164586694E-12 -4.530031164586694E-22 0. 100
 6.9249999942258 -4.507270819356991E-12 -4.507270819356991E-22 0. 100
 6.929999994114041 -4.484640763926158E-12 -4.484640763926158E-22 0. 100
 6.934999994002283 -4.462140162720506E-12 -4.462140162720506E-22 0. 100
 6.939999993890524 -4.4397681860869965E-12 -4.439768186086997E-22 0. 100
 6.944999993778765 -4.4175240102474315E-12 -4.417524010247431E-22 0. 100
 6.9499999936670065 -4.395406817253043E-12 -4.395406817253042E-22 0. 100
 6.954999993555248 -4.373415794939441E-12 -4.373415794939441E-22 0. 100
 6.959999993443489 -4.351550136881989E-12 -4.351550136881989E-22 0. 100
 6.96499999333173 -4.3298090423514954E-12 -4.329809042351495E-22 0. 100
 6.969999993219972 -4.308191716270291E-12 -4.308191716270291E-22 0. 100
 6.974999993108213 -4.2866973691686776E-12 -4.286697369168677E-22 0. 100
 6.979999992996454 -4.2653252171417644E-12 -4.2653252171417645E-22 0. 100
 6.9849999928846955 -4.244074481806597E-12 -4.244074481806597E-22 0. 100
 6.989999992772937 -4.222944390259708E-12 -4.2229443902597083E-22 0. 100
 6.994999992661178 -4.2019341750350025E-12 -4.2019341750350023E-22 0. 100
 6.999999992549419 -4.1810430740619544E-12 -4.181043074061954E-22 0. 100
 7.004999992437661 -4.160270330624216E-12 -4.160270330624216E-22 0. 100
 7.009999992325902 -4.139615193318512E-12 -4.139615193318512E-22 0. 100
 7.014999992214143 -4.119076916013912E-12 -4.1190769160139114E-22 0. 100
 7.019999992102385 -4.098654757811418E-12 -4.0986547578114187E-22 0. 100
 7.024999991990626 -4.078347983003905E-12 -4.0783479830039056E-22 0. 100
 7.029999991878867 -4.058155861036372E-12 -4.0581558610363724E-22 0. 100
 7.034999991767108 -4.038077666466542E-12 -4.038077666466542E-22 0. 100
 7.03999999165535 -4.0181126789257754E-12 -4.0181126789257753E-22 0. 100
 7.044999991543591 -3.9982601830803094E-12 -3.9982601830803095E-22 0. 100
 7.049999991431832 -3.9785194685928225E-12 -3.9785194685928227E-22 0. 100
 7.054999991320074 -3.958889830084301E-12 -3.9588898300843008E-22 0. 100
 7.059999991208315 -3.9393705670962375E-12 -3.939370567096237E-22 0. 100
 7.064999991096556 -3.919960984053131E-12 -3.919960984053131E-22 0. 100
 7.0699999909847975 -3.900660390225307E-12 -3.9006603902253064E-22 0. 100
 7.074999990873039 -3.881468099692017E-12 -3.881468099692017E-22 0. 100
 7.07999999076128 -3.862383431304883E-12 -3.8623834313048832E-22 0. 100
 7.084999990649521 -3.843405708651602E-12 -3.8434057086516024E-22 0. 100
 7.089999990537763 -3.824534260019967E-12 -3.8245342600199673E-22 0. 100
 7.094999990426004 -3.805768418362189E-12 -3.805768418362189E-22 0. 100
 7.099999990314245 -3.787107521259511E-12 -3.7871075212595106E-22 0. 100
 7.1049999902024865 -3.768550910887088E-12 -3.768550910887088E-22 0. 100
 7.109999990090728 -3.750097933979192E-12 -3.7500979339791914E-22 0. 100
 7.114999989978969 -3.731747941794672E-12 -3.7317479417946716E-22 0. 100
 7.11999998986721 -3.7135002900827116E-12 -3.7135002900827115E-22 0. 100
 7.124999989755452 -3.695354339048879E-12 -3.6953543390488793E-22 0. 100
 7.129999989643693 -3.677309453321403E-12 -3.6773094533214034E-22 0. 100
 7.134999989531934 -3.659365001917804E-12 -3.659365001917804E-22 0. 100
 7.1399999894201756 -3.6415203582117275E-12 -3.6415203582117272E-22 0. 100
 7.144999989308417 -3.6237748999000735E-12 -3.6237748999000734E-22 0. 100
 7.149999989196658 -3.6061280089704205E-12 -3.6061280089704206E-22 0. 100
 7.154999989084899 -3.588579071668671E-12 -3.588579071668671E-22 0. 100
 7.159999988973141 -3.5711274784669835E-12 -3.5711274784669835E-22 0. 100
 7.164999988861382 -3.553772624031962E-12 -3.553772624031962E-22 0. 100
 7.169999988749623 -3.536513907193121E-12 -3.536513907193121E-22 0. 100
 7.174999988637865 -3.519350730911569E-12 -3.519350730911569E-22 0. 100
 7.179999988526106 -3.502282502248986E-12 -3.5022825022489857E-22 0. 100
 7.184999988414347 -3.485308632336826E-12 -3.485308632336826E-22 0. 100
 7.1899999883025885 -3.4684285363457845E-12 -3.4684285363457844E-22 0. 100
 7.19499998819083 -3.4516416334555123E-12 -3.451641633455512E-22 0. 100
 7.199999988079071 -3.4349473468245616E-12 -3.4349473468245615E-22 0. 100
 7.204999987967312 -3.4183451035606085E-12 -3.4183451035606083E-22 0. 100
 7.209999987855554 -3.401834334690856E-12 -3.4018343346908556E-22 0. 100
 7.214999987743795 -3.385414475132759E-12 -3.385414475132759E-22 0. 100
 7.219999987632036 -3.3690849636649087E-12 -3.3690849636649085E-22 0. 100
 7.2249999875202775 -3.352845242898217E-12 -3.352845242898217E-22 0. 100
 7.229999987408519 -3.336694759247261E-12 -3.336694759247261E-22 0. 100
 7.23499998729676 -3.3206329629019454E-12 -3.3206329629019456E-22 0. 100
 7.239999987185001 -3.304659307799327E-12 -3.304659307799327E-22 0. 100
 7.244999987073243 -3.288773251595686E-12 -3.2887732515956863E-22 0. 100
 7.249999986961484 -3.2729742556388324E-12 -3.2729742556388322E-22 0. 100
 7.254999986849725 -3.2572617849406386E-12 -3.2572617849406384E-22 0. 100
 7.2599999867379665 -3.2416353081497647E-12 -3.241635308149765E-22 0. 100
 7.264999986626208 -3.2260942975246306E-12 -3.2260942975246305E-22 0. 100
 7.269999986514449 -3.2106382289066003E-12 -3.2106382289066005E-22 0. 100
 7.27499998640269 -3.1952665816933787E-12 -3.1952665816933786E-22 0. 100
 7.279999986290932 -3.1799788388126234E-12 -3.1799788388126234E-22 0. 100
 7.284999986179173 -3.1647744866957484E-12 -3.1647744866957485E-22 0. 100
 7.289999986067414 -3.149653015251989E-12 -3.149653015251989E-22 0. 100
 7.294999985955656 -3.134613917842618E-12 -3.134613917842618E-22 0. 100
 7.299999985843897 -3.119656691255414E-12 -3.1196566912554137E-22 0. 100
 7.304999985732138 -3.1047808356792843E-12 -3.1047808356792843E-22 0. 100
 7.3099999856203794 -3.0899858546791595E-12 -3.0899858546791594E-22 0. 100
 7.314999985508621 -3.075271255171008E-12 -3.075271255171008E-22 0. 100
 7.319999985396862 -3.060636547397131E-12 -3.060636547397131E-22 0. 100
 7.324999985285103 -3.0460812449015986E-12 -3.0460812449015984E-22 0. 100
 7.329999985173345 -3.0316048645058864E-12 -3.0316048645058863E-22 0. 100
 7.334999985061586 -3.0172069262847493E-12 -3.0172069262847493E-22 0. 100
 7.339999984949827 -3.0028869535422493E-12 -3.002886953542249E-22 0. 100
 7.3449999848380685 -2.9886444727879646E-12 -2.9886444727879644E-22 0. 100
 7.34999998472631 -2.974479013713429E-12 -2.974479013713429E-22 0. 100
 7.354999984614551 -2.9603901091687483E-12 -2.9603901091687484E-22 0. 100
 7.359999984502792 -2.9463772951393493E-12 -2.9463772951393492E-22 0. 100
 7.364999984391034 -2.9324401107230097E-12 -2.93244011072301E-22 0. 100
 7.369999984279275 -2.918578098106976E-12 -2.918578098106976E-22 0. 100
 7.374999984167516 -2.9047908025453315E-12 -2.9047908025453314E-22 0. 100
 7.3799999840557575 -2.8910777723365044E-12 -2.8910777723365046E-22 0. 100
 7.384999983943999 -2.8774385588009786E-12 -2.877438558800979E-22 0. 100
 7.38999998383224 -2.863872716259164E-12 -2.8638727162591637E-22 0. 100
 7.394999983720481 -2.85037980200944E-12 -2.85037980200944E-22 0. 100
 7.399999983608723 -2.8369593763064063E-12 -2.8369593763064063E-22 0. 100
