 0. 0. 2.7982396976830874 0. 0.0000031951760944560817
 12.976305122449645 0. 2.7983557628426023 0.0000031964352414399187 0.0000031975626603613004
 25.95261024489929 0. 2.7984719195602192 0.0000031988240715933414 0.000003199953191512429
 38.928915367348935 0. 2.7985881679833904 0.000003201216659360715 0.0000032023476981275333
 51.90522048979858 0. 2.798704508265031 0.0000032036131542957354 0.0000032047461905714017
 64.88152561224823 0. 2.7988209405635187 0.000003206013705931959 0.0000032071486793562115
 77.85783073469787 0. 2.7989374650426915 0.000003208418463660454 0.0000032095551751420215
 90.83413585714752 0. 2.799054081850003 0.0000032108269754464117 0.0000032119656882606667
 103.81044097959716 0. 2.799170791143831 0.0000032132395411529464 0.000003214380229310824
 116.7867461020468 0. 2.7992875930880117 0.000003215656310148794 0.000003216798809039669
 129.76305122449645 0. 2.799404487835461 0.000003218076980839578 0.000003219221437985091
 142.7393563469461 0. 2.7995214755445565 0.000003220501702677537 0.0000032216481268335173
 155.71566146939574 0. 2.7996385563791355 0.000003222930625008987 0.0000032240788864205333
 168.6919665918454 0. 2.7997557304921137 0.0000032253634462613633 0.000003226513727372065
 181.66827171429503 0. 2.7998729980473276 0.0000032278004661169507 0.0000032289526605831476
 194.64457683674468 0. 2.7999903592031568 0.0000032302415334187555 0.000003231395696859029
 207.62088195919432 0. 2.800107814117975 0.0000032326866470721 0.000003233842847034726
 220.59718708164397 0. 2.800225362961083 0.0000032351361068760303 0.0000032362941222158624
 233.5734922040936 0. 2.800343005885397 0.0000032375894609034394 0.000003238749533177871
 246.54979732654326 0. 2.8004607430602135 0.0000032400471590618465 0.000003241209091087326
 259.5261024489929 0. 2.80057857463845 0.0000032425087495939642 0.000003243672806780322
 272.5024075714425 0. 2.800696500789406 0.000003244974682391407 0.0000032461406914849476
 285.4787126938922 0. 2.800814521676918 0.0000032474448061484825 0.0000032486127563398684
 298.45501781634187 0. 2.800932637464823 0.0000032499191198832733 0.0000032510890125148034
 311.4313229387915 0. 2.8010508483115015 0.000003252397472508805 0.0000032535694710897647
 324.4076280612411 0. 2.80116915438625 0.0000032548801634075093 0.0000032560541434176942
 337.3839331836908 0. 2.8012875558583668 0.000003257367191641619 0.0000032585430408834033
 350.36023830614045 0. 2.80140605288077 0.000003259858105565685 0.000003261036174539781
 363.33654342859006 0. 2.8015246456336795 0.000003262353655306292 0.0000032635335560774907
 376.3128485510397 0. 2.8016433342700107 0.0000032648530887287147 0.000003266035196612624
 389.28915367348935 0. 2.8017621189699873 0.0000032673571560644485 0.0000032685411079005106
 402.265458795939 0. 2.8018809998865217 0.0000032698651050442793 0.000003271051301120919
 415.24176391838864 0. 2.8019999771998383 0.000003272377685931203 0.000003273565788094197
 428.21806904083826 0. 2.8021190510737726 0.0000032748944469278633 0.0000032760845803082665
 441.19437416328793 0. 2.8022382216721637 0.0000032774153871481416 0.000003278607689283387
 454.1706792857376 0. 2.8023574891752348 0.000003279940956172573 0.0000032811351269388614
 467.1469844081872 0. 2.802476853741361 0.000003282470552144242 0.000003283666904738609
 480.12328953063684 0. 2.8025963155453018 0.000003285004624616047 0.0000032862030345460124
 493.0995946530865 0. 2.802715874756359 0.0000032875430225086177 0.0000032887435281357085
 506.0758997755362 0. 2.80283553154383 0.0000032900857446593855 0.0000032912883973155785
 519.0522048979858 0. 2.8029552860879368 0.0000032926330904454894 0.000003293837654172511
 532.0285100204354 0. 2.803075138547056 0.000003295184458155653 0.0000032963913103365024
 545.004815142885 0. 2.8031950891068704 0.000003297740597572255 0.000003298949378085153
 557.9811202653348 0. 2.8033151379312184 0.000003300300907031346 0.0000033015118692389906
 570.9574253877844 0. 2.803435285194861 0.000003302865685817872 0.0000033040787958984628
 583.933730510234 0. 2.8035555310780187 0.0000033054350829615854 0.0000033066501703217585
 596.9100356326837 0. 2.803675875744531 0.000003308008647092502 0.0000033092260044321087
 609.8863407551333 0. 2.8037963193800803 0.00000331058697762305 0.0000033118063106806024
 622.862645877583 0. 2.8039168621485033 0.0000033131694729742786 0.000003314391101059662
 635.8389510000326 0. 2.8040375042354833 0.000003315756732601932 0.00000331698038809085
 648.8152561224822 0. 2.804158245810321 0.000003318348305157497 0.000003319574183960292
 661.7915612449319 0. 2.8042790870586987 0.0000033209446397801716 0.000003322172501260799
 674.7678663673815 0. 2.8044000281444537 0.000003323545135073987 0.000003324775352125289
 687.7441714898312 0. 2.804521069253269 0.000003326150390324682 0.0000033273827492180497
 700.7204766122809 0. 2.8046422105653677 0.0000033287602543718693 0.000003329994705115748
 713.6967817347305 0. 2.8047634522555085 0.0000033313745760128407 0.000003332611232306872
 726.6730868571801 0. 2.804884794509375 0.0000033339936543334835 0.00000333523234356497
 739.6493919796297 0. 2.8050062374962685 0.000003336617038110979 0.000003337858051326745
 752.6256971020794 0. 2.8051277814018682 0.000003339245176277502 0.000003340488368438833
 765.6020022245291 0. 2.805249426406398 0.0000033418779178319053 0.000003343123307660396
 778.5783073469787 0. 2.8053711726900796 0.000003344515261615826 0.0000033457628817875557
 791.5546124694283 0. 2.805493020433135 0.0000033471572065426274 0.0000033484071036535406
 804.530917591878 0. 2.8056149698267077 0.000003349804051512149 0.000003351055986379218
 817.5072227143277 0. 2.805737021040096 0.0000033524551953351776 0.000003353709542622518
 830.4835278367773 0. 2.805859174269909 0.0000033551113870848195 0.0000033563677857052143
 843.4598329592269 0. 2.805981429690903 0.0000033577720253875327 0.0000033590307284857904
 856.4361380816765 0. 2.8061037874887633 0.0000033604374093305945 0.0000033616983841115835
 869.4124432041262 0. 2.8062262478491724 0.000003363107537682426 0.0000033643707657682547
 882.3887483265759 0. 2.8063488109578127 0.0000033657824093196788 0.000003367047886680056
 895.3650534490255 0. 2.8064714770003687 0.000003368462023154038 0.000003369729760109991
 908.3413585714752 0. 2.8065942461625215 0.0000033711463779614898 0.0000033724163993598513
 921.3176636939248 0. 2.8067171186354165 0.0000033738356226345188 0.0000033751078178967567
 934.2939688163744 0. 2.806840094599275 0.000003376529456062615 0.000003377804028974673
 947.2702739388241 0. 2.806963174250703 0.0000033792283269922485 0.000003380505046269076
 960.2465790612737 0. 2.8070863577699225 0.000003381931784406509 0.000003383210883106445
 973.2228841837234 0. 2.807209645348077 0.0000033846401270029046 0.000003385921553115376
 986.199189306173 0. 2.8073330371763103 0.0000033873533536314407 0.000003388637069961515
 999.1754944286226 0. 2.8074565334403077 0.0000033900713132692103 0.000003391357447223987
 1012.1517995510724 0. 2.807580134342133 0.0000033927944543590576 0.0000033940826989030718
 1025.1281046735219 0. 2.8077038400565484 0.0000033955220262565803 0.0000033968128384048276
 1038.1044097959716 0. 2.807827650791082 0.000003398254927225095 0.000003399547879938568
 1051.0807149184213 0. 2.807951566731416 0.00000340099255640388 0.0000034022878372463005
 1064.0570200408708 0. 2.808075588068695 0.0000034037350625466484 0.0000034050327242382557
 1077.0333251633206 0. 2.808199714994063 0.0000034064824444554485 0.0000034077825548659796
 1090.00963028577 0. 2.8083239477095887 0.0000034092350007391974 0.00000341053734337812
 1102.9859354082198 0. 2.808448286400951 0.0000034119922804081048 0.000003413297103682031
 1115.9622405306695 0. 2.8085727312702216 0.0000034147547321232653 0.000003416061850110707
 1128.938545653119 0. 2.8086972825085414 0.0000034175220546877095 0.0000034188315967835314
 1141.9148507755688 0. 2.8088219403125163 0.000003420294396864292 0.0000034216063579903747
 1154.8911558980185 0. 2.8089467048842147 0.0000034230719073078323 0.0000034243861481922828
 1167.867461020468 0. 2.8090715764147793 0.0000034258542850145395 0.000003427170981636611
 1180.8437661429177 0. 2.809196555106278 0.000003428641828500764 0.0000034299608728706666
 1193.8200712653675 0. 2.8093216411498534 0.0000034314342368224736 0.0000034327558362279068
 1206.796376387817 0. 2.809446834753035 0.0000034342319582677096 0.0000034355558864714505
 1219.7726815102667 0. 2.8095721361124286 0.000003437034691925508 0.000003438361038150939
 1232.7489866327162 0. 2.809697545430099 0.0000034398425863029055 0.0000034411713059888663
 1245.725291755166 0. 2.809823062902655 0.00000344265549046673 0.0000034439867046230245
 1258.7015968776157 0. 2.809948688732159 0.000003445473552809726 0.000003446807248864508
 1271.6779020000652 0. 2.810074423120683 0.000003448296772262161 0.000003449632953569389
 1284.654207122515 0. 2.8102002662757517 0.0000034511252971365596 0.000003452463833768128
 1297.6305122449644 0. 2.810326218393971 0.0000034539588267011737 0.000003455299904277373
 1310.6068173674141 0. 2.8104522796828677 0.000003456797659197087 0.000003458141180218319
 1323.5831224898639 0. 2.810578450344511 0.000003459641643645085 0.0000034609876766281687
 1336.5594276123134 0. 2.8107047305809667 0.0000034624907786985325 0.0000034638394085897293
 1349.535732734763 0. 2.810831120605225 0.000003465345362611198 0.000003466696391492178
 1362.5120378572128 0. 2.810957620624813 0.0000034682052442455155 0.000003469558640641276
 1375.4883429796623 0. 2.8110842308363355 0.0000034710701228907436 0.000003472426171128486
 1388.464648102112 0. 2.8112109514527837 0.0000034739404464895184 0.0000034752989984831103
 1401.4409532245618 0. 2.8113377826816834 0.000003476816063894574 0.0000034781771381511393
 1414.4172583470113 0. 2.8114647247305653 0.00000347969697391614 0.000003481060605625924
 1427.393563469461 0. 2.811591777806955 0.000003482583175106929 0.000003483949416448138
 1440.3698685919105 0. 2.811718942129304 0.000003485474965635023 0.0000034868435864684386
 1453.3461737143602 0. 2.8118462178942187 0.0000034883717453843482 0.000003489743131061257
 1466.32247883681 0. 2.8119736053256097 0.0000034912742614019777 0.0000034926480663048598
 1479.2987839592595 0. 2.8121011046310063 0.000003494182063365122 0.000003495558407932814
 1492.2750890817092 0. 2.812228716017935 0.000003497095149865754 0.000003498474171726946
 1505.2513942041587 0. 2.8123564397048484 0.0000035000138189946537 0.0000035013953737813126
 1518.2276993266084 0. 2.812484275899272 0.0000035029377699324415 0.000003504322029975855
 1531.2040044490582 0. 2.812612224825119 0.000003505867450408662 0.0000035072541566356737
 1544.1803095715077 0. 2.8127402866899174 0.000003508802410034357 0.00000351019176974002
 1557.1566146939574 0. 2.8128684617066577 0.000003511742797169786 0.0000035131348854498906
 1570.1329198164071 0. 2.81299675009925 0.000003514688909593893 0.0000035160835202410533
 1583.1092249388566 0. 2.813125152080685 0.000003517640446761628 0.0000035190376903756136
 1596.0855300613064 0. 2.81325366786941 0.0000035205975567849626 0.000003521997412298723
 1609.061835183756 0. 2.813382297678419 0.000003523560088871303 0.000003524962702374088
 1622.0381403062056 0. 2.8135110417316214 0.0000035265283406518667 0.000003527933577282029
 1635.0144454286553 0. 2.8136399002474684 0.0000035295021612068577 0.0000035309100536219906
 1647.9907505511048 0. 2.813768873444409 0.000003532481549062357 0.0000035338921480451943
 1660.9670556735546 0. 2.813897961546357 0.00000353546665250202 0.0000035368798773883194
 1673.9433607960043 0. 2.814027164771763 0.0000035384573204501343 0.000003539873258407277
 1686.9196659184538 0. 2.8141564833445374 0.0000035414537010265744 0.000003542872308044009
 1699.8959710409035 0. 2.814285917488593 0.0000035444557928798837 0.000003545877043293718
 1712.872276163353 0. 2.814415467422379 0.0000035474634449365807 0.0000035488874810710646
 1725.8485812858028 0. 2.8145451333698097 0.0000035504768054478087 0.00000355190363847793
 1738.8248864082525 0. 2.8146749155602575 0.0000035534960223971574 0.0000035549255328040455
 1751.801191530702 0. 2.8148048142176325 0.000003556520944770931 0.0000035579531812594805
 1764.7774966531517 0. 2.8149348295658476 0.000003559551571194987 0.0000035609866011086462
 1777.7538017756015 0. 2.8150649618397385 0.0000035625881992504846 0.0000035640258099395023
 1790.730106898051 0. 2.815195211252292 0.0000035656302293125713 0.000003567070824857098
 1803.7064120205007 0. 2.8153255780438053 0.0000035686784075628347 0.0000035701216636943928
 1816.6827171429504 0. 2.8154560624381904 0.0000035717322839792945 0.000003573178343936336
 1829.6590222654 0. 2.8155866646648198 0.0000035747920065551916 0.0000035762408832583407
 1842.6353273878497 0. 2.815717384958529 0.0000035778577233198987 0.0000035793092995271863
 1855.6116325102992 0. 2.815848223543227 0.0000035809291337234356 0.0000035823836103958785
 1868.587937632749 0. 2.815979180653751 0.0000035840065353685864 0.000003585463833844547
 1881.5642427551986 0. 2.8161102565249356 0.00000358708992666036 0.0000035885499879106987
 1894.5405478776481 0. 2.816241451386152 0.0000035901791565730467 0.000003591642090553652
 1907.5168530000979 0. 2.816372765472235 0.0000035932743731266662 0.0000035947401599260532
 1920.4931581225474 0. 2.8165041990180195 0.000003596375574780255 0.0000035978442142386415
 1933.469463244997 0. 2.8166357522638013 0.000003599482909410312 0.0000036009542718966455
 1946.4457683674468 0. 2.8167674254334916 0.0000036025959271930182 0.0000036040703509555656
 1959.4220734898963 0. 2.816899218772847 0.0000036057152243081178 0.0000036071924700743894
 1972.398378612346 0. 2.8170311325221653 0.0000036088406497994763 0.0000036103206478357755
 1985.3746837347958 0. 2.817163166910818 0.0000036119719032302754 0.0000036134549026087637
 1998.3509888572453 0. 2.8172953221791004 0.000003615109281891988 0.0000036165952530951356
 2011.327293979695 0. 2.817427598572768 0.0000036182529335652526 0.000003619741718194046
 2024.3035991021447 0. 2.817559996326659 0.0000036214025580267806 0.000003622894316591691
 2037.2799042245942 0. 2.817692515686529 0.0000036245584523452126 0.000003626053067309029
 2050.2562093470438 0. 2.8178251568926718 0.0000036277204655193883 0.000003629217989291294
 2063.2325144694937 0. 2.817957920185384 0.0000036308885960641716 0.000003632389101545197
 2076.208819591943 0. 2.818090805804962 0.000003634062842358443 0.000003635566423139068
 2089.1851247143927 0. 2.8182238140026232 0.0000036372435014863594 0.000003638749973478833
 2102.1614298368427 0. 2.8183569450241257 0.000003640430422509971 0.0000036419397718957773
 2115.137734959292 0. 2.818490199104302 0.0000036436233050690237 0.0000036451358375078546
 2128.1140400817417 0. 2.818623576505294 0.0000036468228942789676 0.0000036483381901865604
 2141.0903452041916 0. 2.818757077456474 0.0000036500282925129563 0.000003651546849038167
 2154.066650326641 0. 2.818890702219983 0.000003653240394090929 0.000003654761834062351
 2167.0429554490906 0. 2.8190244510415794 0.0000036564587494062787 0.0000036579831649119075
 2180.01926057154 0. 2.819158324167017 0.000003659683356741627 0.000003661210861293658
 2192.99556569399 0. 2.8192923218529793 0.0000036629145132023284 0.000003664444943267408
 2205.9718708164396 0. 2.8194264443397583 0.0000036661517690598776 0.0000036676854305380484
 2218.948175938889 0. 2.819560691889496 0.0000036693957199200677 0.0000036709323434322333
 2231.924481061339 0. 2.819695064753412 0.000003672646065527629 0.000003674185702064985
 2244.9007861837886 0. 2.8198295631772603 0.000003675902654849319 0.000003677445526477973
 2257.877091306238 0. 2.819964187428646 0.000003679166083381721 0.0000036807118373378254
 2270.853396428688 0. 2.8200989377478614 0.0000036824356029725872 0.0000036839846546803786
 2283.8297015511375 0. 2.8202338144025103 0.0000036857119583384076 0.000003687263999307586
 2296.806006673587 0. 2.8203688176438124 0.0000036889946999950122 0.000003690549891670157
 2309.782311796037 0. 2.820503947728445 0.000003692283975386199 0.0000036938423524267466
 2322.7586169184865 0. 2.82063920491855 0.000003695579932099475 0.0000036971414024450944
 2335.734922040936 0. 2.820774589470804 0.0000036988824190641506 0.000003700447062521832
 2348.711227163386 0. 2.820910101647352 0.000003702191583969432 0.000003703759353663634
 2361.6875322858355 0. 2.8210457417103325 0.0000037055074248671506 0.0000037070782969471667
 2374.663837408285 0. 2.821181509916423 0.0000037088297908213994 0.0000037104039133784143
 2387.640142530735 0. 2.8213174065277684 0.0000037121588294554257 0.0000037137362241748448
 2400.6164476531844 0. 2.821453431817429 0.0000037154948371547568 0.0000037170752509073753
 2413.592752775634 0. 2.821589586036624 0.000003718837215551419 0.0000037204210146536356
 2426.5690578980834 0. 2.8217258694638763 0.0000037221867086389718 0.000003723773537269746
 2439.5453630205334 0. 2.821862282350408 0.0000037255425689658175 0.000003727132839976808
 2452.521668142983 0. 2.821998824974739 0.000003728905540314629 0.000003730498944776378
 2465.4979732654324 0. 2.8221354976044735 0.000003732275322710926 0.000003733871873460402
 2478.4742783878824 0. 2.8222723004962904 0.000003735651616031218 0.000003737251647609765
 2491.450583510332 0. 2.8224092339341773 0.000003739035164191714 0.000003740638289589928
 2504.4268886327814 0. 2.822546298180272 0.000003742425368706359 0.0000037440318212720206
 2517.4031937552313 0. 2.8226834935076393 0.0000037458225261212028 0.000003747432264886495
 2530.379498877681 0. 2.8228208201838805 0.0000037492264854351486 0.0000037508396425962893
 2543.3558040001303 0. 2.8229582784875213 0.0000037526375430578487 0.000003754253976925476
 2556.3321091225803 0. 2.8230958686970857 0.0000037560556970581633 0.000003757675290474705
 2569.30841424503 0. 2.823233591074714 0.0000037594804983258247 0.0000037611036054917824
 2582.2847193674793 0. 2.823371445904391 0.0000037629125413138423 0.0000037645389448737093
 2595.261024489929 0. 2.823509433464643 0.0000037663516751302125 0.0000037679813314523002
 2608.2373296123787 0. 2.823647554023071 0.0000037697975996975915 0.0000037714307878497447
 2621.2136347348282 0. 2.823785807869123 0.0000037732509093922407 0.0000037748873373410538
 2634.1899398572777 0. 2.8239241952703984 0.0000037767110060207448 0.0000037783510027048187
 2647.1662449797277 0. 2.8240627165218095 0.0000037801786330918647 0.000003781821807518714
 2660.142550102177 0. 2.8242013718909558 0.000003783653043282161 0.000003785299774719595
 2673.1188552246267 0. 2.8243401616672834 0.000003787134830875506 0.0000037887849279010234
 2686.0951603470767 0. 2.8244790861293185 0.0000037906236959390007 0.000003792277290448578
 2699.071465469526 0. 2.824618145566508 0.0000037941199345164473 0.0000037957768861179438
 2712.0477705919757 0. 2.824757340257376 0.000003797623246649581 0.0000037992837384568602
 2725.0240757144256 0. 2.8248966704913694 0.000003801133928370957 0.000003802797871384588
 2738.000380836875 0. 2.8250361365524728 0.0000038046518287091507 0.0000038063193087578087
 2750.9766859593246 0. 2.8251757387355974 0.000003808177243764995 0.0000038098480748068718
 2763.9529910817746 0. 2.8253154773192657 0.0000038117097244784334 0.000003813384193409206
 2776.929296204224 0. 2.825455352603848 0.000003815249864839365 0.000003816927689108192
 2789.9056013266736 0. 2.8255953648678673 0.000003818797066898185 0.000003820478585948823
 2802.8819064491236 0. 2.825735514411695 0.000003822351924615825 0.00000382403690864414
 2815.858211571573 0. 2.825875801524778 0.000003825914137994777 0.000003827602681700834
 2828.8345166940226 0. 2.826016226502023 0.000003829483853904989 0.000003831175929857487
 2841.810821816472 0. 2.826156789632878 0.000003833060921463703 0.000003834756677792559
 2854.787126938922 0. 2.826297491223174 0.000003836645785398926 0.00000383834495071106
 2867.7634320613715 0. 2.8264383315568966 0.000003840237847937709 0.000003841940773318756
 2880.739737183821 0. 2.826579310939876 0.000003843837702693355 0.0000038455441709961605
 2893.716042306271 0. 2.826720429667022 0.000003847445049840958 0.0000038491551689186745
 2906.6923474287205 0. 2.826861688038704 0.000003851060036144534 0.000003852773792497481
 2919.66865255117 0. 2.8270030863607496 0.0000038546828083275985 0.000003856400067380791
 2932.64495767362 0. 2.82714462492261 0.0000038583129178438084 0.000003860034018864309
 2945.6212627960695 0. 2.827286304035575 0.000003861950957929832 0.0000038636756729242305
 2958.597567918519 0. 2.8274281240000154 0.000003865596628848882 0.000003867325055332745
 2971.573873040969 0. 2.8275700851272214 0.000003869250226075055 0.000003870982192249552
 2984.5501781634184 0. 2.827712187712104 0.000003872911301059463 0.000003874647109482145
 2997.526483285868 0. 2.827854432065953 0.000003876580298084706 0.000003878319833374929
 3010.5027884083174 0. 2.8279968184946003 0.00000388025706624349 0.000003882000390217382
 3023.4790935307674 0. 2.828139347314797 0.000003883941900954703 0.000003885688806690208
 3036.455398653217 0. 2.828282018826917 0.000003887634353727325 0.000003889385109122311
 3049.4317037756664 0. 2.82842483334225 0.000003891334719876363 0.000003893089324234583
 3062.4080088981163 0. 2.828567791183009 0.000003895043294843967 0.000003896801479142248
 3075.384314020566 0. 2.8287108926495654 0.0000038987594812986745 0.00000390052160045955
 3088.3606191430154 0. 2.8288541380586727 0.000003902483723407827 0.000003904249715344898
 3101.3369242654653 0. 2.8289975277325454 0.0000039062161677237616 0.000003907985851204125
 3114.313229387915 0. 2.8291410619770123 0.000003909956365621188 0.000003911730035091297
 3127.2895345103643 0. 2.8292847411197517 0.0000039137049100924745 0.00000391548229475872
 3140.2658396328143 0. 2.8294285654720563 0.000003917461352532109 0.0000039192426576074824
 3153.242144755264 0. 2.8295725353561387 0.000003921225988142311 0.000003923011151438471
 3166.2184498777133 0. 2.8297166510942127 0.000003924998814683476 0.0000039267878041529916
 3179.1947550001632 0. 2.829860913003035 0.000003928779681262708 0.000003930572643602481
 3192.1710601226127 0. 2.830005321404818 0.000003932568734196209 0.00000393436569788999
 3205.1473652450622 0. 2.8301498766326985 0.000003936366268658917 0.000003938166995523047
 3218.123670367512 0. 2.8302945790034304 0.000003940171836237418 0.000003941976564658565
 3231.0999754899617 0. 2.83043942884469 0.0000039439857320384944 0.00000394579443385881
 3244.076280612411 0. 2.8305844264841533 0.00000394780795372091 0.00000394962063179372
 3257.0525857348607 0. 2.8307295722494956 0.000003951638498951627 0.000003953455187226653
 3270.0288908573107 0. 2.8308748664683923 0.0000039554773653816184 0.000003957298129036954
 3283.00519597976 0. 2.8310203094794426 0.000003959324848052911 0.000003961149486510479
 3295.9815011022097 0. 2.831165901610322 0.000003963180647192021 0.000003965009288735388
 3308.9578062246596 0. 2.8313116431887067 0.000003967044760486444 0.00000396887756490632
 3321.934111347109 0. 2.831457534558656 0.000003970917631486223 0.000003972754344783464
 3334.9104164695586 0. 2.8316035760478466 0.000003974798811875097 0.000003976639657777515
 3347.8867215920086 0. 2.831749767989415 0.000003978688447866955 0.000003980533533560297
 3360.863026714458 0. 2.8318961107328815 0.000003982586982948533 0.0000039844360023730954
 3373.8393318369076 0. 2.832042604611384 0.000003986493968817521 0.0000039883470941083715
 3386.8156369593576 0. 2.832189249963522 0.0000039904095516823405 0.00000399226683892257
 3399.791942081807 0. 2.8323360471333534 0.0000039943338776363835 0.00000399619526723753
 3412.7682472042566 0. 2.832482996459475 0.000003998266795609706 0.000004000132409433745
 3425.744552326706 0. 2.8326300982914128 0.000004002208600502543 0.000004004078296313004
 3438.720857449156 0. 2.832777352967762 0.000004006158992434524 0.000004008032958482539
 3451.6971625716055 0. 2.8329247608380417 0.000004010118266133721 0.000004011996426972566
 3464.673467694055 0. 2.833072322251777 0.0000040140864192119135 0.000004015968732929098
 3477.649772816505 0. 2.833220037553025 0.000004018063300440711 0.000004019949907459204
 3490.6260779389545 0. 2.833367907096767 0.000004022049204433925 0.000004023939982096414
 3503.602383061404 0. 2.833515931227067 0.000004026043831698557 0.000004027938988181694
 3516.578688183854 0. 2.833664110304364 0.000004030047625101916 0.000004031946957639699
 3529.5549933063035 0. 2.8338124446781805 0.000004034060285118086 0.000004035963922203611
 3542.531298428753 0. 2.833960934703498 0.000004038081957682857 0.000004039989913881598
 3555.507603551203 0. 2.8341095807353 0.000004042112640261878 0.000004044024964802222
 3568.4839086736524 0. 2.83425838313403 0.000004046152478723351 0.00000404806910737127
 3581.460213796102 0. 2.8344073422601306 0.000004050201470432453 0.0000040521223741168175
 3594.436518918552 0. 2.834556458468583 0.000004054259464273887 0.000004056184797533087
 3607.4128240410014 0. 2.8347057321198337 0.000004058326606211796 0.000004060256410394038
 3620.389129163451 0. 2.834855163585247 0.000004062403190445933 0.00000406433724591169
 3633.365434285901 0. 2.835004753219803 0.000004066488768879106 0.000004068427336952525
 3646.3417394083503 0. 2.83515450139487 0.0000040705837843396976 0.000004072526716979938
 3659.3180445308 0. 2.835304408470893 0.000004074687937253301 0.00000407663541926954
 3672.2943496532494 0. 2.835454474824697 0.000004078801670131303 0.0000040807534776967774
 3685.2706547756993 0. 2.8356047008167233 0.000004082924534968789 0.00000408488092579254
 3698.246959898149 0. 2.835755086823805 0.000004087056974546545 0.000004089017797690283
 3711.2232650205983 0. 2.8359056332173025 0.000004091198837418371 0.000004093164127495506
 3724.1995701430483 0. 2.836056340363123 0.000004095349972631266 0.00000409731994928593
 3737.175875265498 0. 2.836207208649017 0.0000040995109710217946 0.000004101485297904735
 3750.1521803879473 0. 2.836358238435427 0.000004103681087768135 0.000004105660207534481
 3763.1284855103972 0. 2.836509430115564 0.000004107861210485699 0.00000410984471344367
 3776.1047906328467 0. 2.836660784060793 0.000004112050742780263 0.000004114038850399665
 3789.0810957552962 0. 2.836812300647944 0.000004116249830357633 0.000004118242653463351
 3802.057400877746 0. 2.836963980264764 0.000004120458766975842 0.000004122456158150235
 3815.0337060001957 0. 2.8371158232880824 0.000004124677253217631 0.000004126679399793646
 3828.010011122645 0. 2.8372678301111085 0.000004128905731181808 0.000004130912414343861
 3840.9863162450947 0. 2.8374200011161324 0.00000413314390139273 0.000004135155237570306
 3853.9626213675447 0. 2.837572336685441 0.000004137391760916836 0.000004139407905381132
 3866.938926489994 0. 2.837724837212247 0.000004141649603617121 0.000004143670454145552
 3879.9152316124437 0. 2.837877503089759 0.0000041459174264499844 0.000004147942920374484
 3892.8915367348936 0. 2.8380303347057296 0.0000041501950783616846 0.000004152225340560416
 3905.867841857343 0. 2.8381833324533683 0.000004154482704592412 0.000004156517751499424
 3918.8441469797926 0. 2.8383364967258866 0.000004158780302275905 0.000004160820190131653
 3931.8204521022426 0. 2.8384898279219564 0.0000041630880167145745 0.0000041651326937035795
 3944.796757224692 0. 2.8386433264402515 0.000004167405844987533 0.000004169455299608012
 3957.7730623471416 0. 2.8387969926794407 0.000004171733783963574 0.000004173788045384515
 3970.7493674695916 0. 2.8389508270382 0.000004176071830843724 0.000004178130968720608
 3983.725672592041 0. 2.839104829915201 0.000004180419982534273 0.000004182484107452142
 3996.7019777144906 0. 2.8392590017200363 0.000004184778532444926 0.000004186847499889577
 4009.6782828369405 0. 2.8394133428568424 0.0000041891473294136234 0.000004191221184332182
 4022.65458795939 0. 2.8395678537352134 0.000004193526518524393 0.00000419560519939381
 4035.6308930818395 0. 2.8397225347538195 0.0000041979158002332955 0.000004199999583514789
 4048.6071982042895 0. 2.83987738633318 0.000004202315764440536 0.000004204404375941965
 4061.583503326739 0. 2.840032408871967 0.0000042067258151306185 0.000004208819615423533
 4074.5598084491885 0. 2.840187602796159 0.000004211146690249581 0.000004213245341681322
 4087.536113571638 0. 2.84034296851535 0.000004215577941988746 0.000004217681594103439
 4100.5124186940875 0. 2.8404985064391366 0.000004220019567344956 0.0000042221284122352
 4113.4887238165375 0. 2.8406542169989586 0.000004224472155782938 0.000004226585836438086
 4126.465028938987 0. 2.840810100598947 0.000004228934963206297 0.000004231053906411654
 4139.4413340614365 0. 2.840966157670544 0.000004233408727418041 0.00000423553266283936
 4152.417639183886 0. 2.8411223886288055 0.000004237893000621528 0.000004240022146072672
 4165.393944306336 0. 2.8412787938997086 0.000004242388075905957 0.0000042445223969559674
 4178.370249428785 0. 2.841435373914696 0.000004246894098252689 0.000004249033456663917
 4191.346554551235 0. 2.841592129094282 0.000004251410768005205 0.000004253555366205743
 4204.322859673685 0. 2.8417490598699087 0.000004255938378285897 0.000004258088167092289
 4217.299164796134 0. 2.8419061666730157 0.000004260476925727939 0.000004262631900990526
 4230.275469918584 0. 2.8420634499295794 0.00000426502625889837 0.000004267186609581669
 4243.251775041034 0. 2.842220910081965 0.000004269586818907705 0.000004271752335212123
 4256.228080163483 0. 2.8423785475616126 0.000004274158306145642 0.00000427632912006684
 4269.204385285933 0. 2.8425363628108817 0.000004278741013364121 0.000004280917006836451
 4282.180690408383 0. 2.8426943562612155 0.000004283334641202011 0.000004285516038051417
 4295.156995530832 0. 2.8428525283549746 0.000004287939482305773 0.000004290126256750479
 4308.133300653282 0. 2.843010879534521 0.000004292555533296038 0.000004294747706148483
 4321.109605775732 0. 2.8431694102476786 0.000004297182938837788 0.000004299380429805234
 4334.085910898181 0. 2.8433281209368113 0.000004301821547463483 0.000004304024471291201
 4347.062216020631 0. 2.8434870120497417 0.0000043064715037125155 0.000004308679874524031
 4360.03852114308 0. 2.8436460840397544 0.00000431113295214876 0.0000043133466837707
 4373.01482626553 0. 2.8438053373546737 0.000004315805741301096 0.000004318024943311903
 4385.99113138798 0. 2.843964772447785 0.0000043204900156797315 0.000004322714697780036
 4398.967436510429 0. 2.844124389772373 0.0000043251857717458395 0.000004327415991991903
 4411.943741632879 0. 2.8442841897817206 0.000004329893005941962 0.00000433212887094976
 4424.920046755329 0. 2.844444172940039 0.000004334612010817253 0.000004336853380181881
 4437.896351877778 0. 2.8446043397115317 0.000004339342782577975 0.0000043415895654055825
 4450.872657000228 0. 2.8447646905440265 0.000004344084873965482 0.000004346337472018154
 4463.848962122678 0. 2.8449252259126503 0.000004348839020997428 0.000004351097146457189
 4476.825267245127 0. 2.845085946281611 0.000004353604924203616 0.000004355868635013249
 4489.801572367577 0. 2.8452468521151184 0.0000043583825800156595 0.000004360651984170298
 4502.777877490027 0. 2.845407943882839 0.000004363172132576115 0.000004365447240777588
 4515.754182612476 0. 2.8455692220544413 0.000004367973578293379 0.000004370254451880761
 4528.730487734926 0. 2.845730687110518 0.000004372787209295768 0.000004375073665065931
 4541.706792857376 0. 2.845892339515276 0.000004377612578122768 0.000004379904927604217
 4554.683097979825 0. 2.8460541797493075 0.000004382450124789371 0.000004384748287481322
 4567.659403102275 0. 2.8462162082986615 0.000004387299993284449 0.000004389603793057448
 4580.635708224725 0. 2.8463784256330116 0.0000043921617364205275 0.0000043944714923803216
 4593.612013347174 0. 2.8465408322438694 0.000004397035941728895 0.000004399351434390813
 4606.588318469624 0. 2.846703428606365 0.000004401922161844004 0.000004404243667718942
 4619.564623592074 0. 2.846866215217472 0.000004406820984361807 0.0000044091482418930826
 4632.540928714523 0. 2.8470291925577844 0.000004411731961930857 0.000004414065206132545
 4645.517233836973 0. 2.847192361118814 0.0000044166553863113856 0.000004418994610212887
 4658.493538959423 0. 2.8473557213975367 0.000004421591401470536 0.000004423936504295744
 4671.469844081872 0. 2.8475192738800055 0.0000044265397078751934 0.000004428890938409005
 4684.446149204322 0. 2.847683019074117 0.000004431500892799007 0.000004433857963491273
 4697.422454326772 0. 2.8478469574659226 0.000004436474361068117 0.000004438837630001662
 4710.398759449221 0. 2.8480110895687853 0.000004441460847840515 0.000004443829989489214
 4723.375064571671 0. 2.848175415874216 0.0000044464597577685665 0.0000044488350930247365
 4736.351369694121 0. 2.848339936890112 0.0000044514715302991495 0.000004453852992424215
 4749.32767481657 0. 2.8485046531243707 0.000004456496161374266 0.000004458883739727057
 4762.30397993902 0. 2.8486695650794305 0.0000044615334992469466 0.000004463927387021768
 4775.28028506147 0. 2.8488346732795713 0.000004466584130771814 0.000004468983987325478
 4788.256590183919 0. 2.8489999782272295 0.000004471647460880307 0.000004474053593180785
 4801.232895306369 0. 2.8491654804357647 0.000004476723780995771 0.000004479136257710653
 4814.209200428818 0. 2.849331180429458 0.00000448181338239977 0.000004484232034622098
 4827.185505551268 0. 2.849497078727128 0.00000448691611316102 0.000004489340977679166
 4840.161810673718 0. 2.849663175842136 0.000004492031821515055 0.000004494463140703215
 4853.138115796167 0. 2.8498294723042243 0.000004497160946300341 0.000004499598578282334
 4866.114420918617 0. 2.8499959686376726 0.000004502303335552142 0.000004504747345065876
 4879.090726041067 0. 2.850162665372224 0.000004507459132776132 0.000004509909496120463
 4892.067031163516 0. 2.850329563037622 0.000004512628333699167 0.000004515085086754336
 4905.043336285966 0. 2.8504966621636094 0.000004517810934015595 0.000004520274172518712
 4918.019641408416 0. 2.8506639632853905 0.000004523007077109173 0.000004525476809387849
 4930.995946530865 0. 2.8508314669381667 0.000004528216758550503 0.000004530693053582689
 4943.972251653315 0. 2.8509991736680673 0.00000453344026940676 0.0000045359229619307315
 4956.948556775765 0. 2.8511670840102945 0.000004538677309890007 0.00000454116659115222
 4969.924861898214 0. 2.851335198505515 0.000004543928023339985 0.000004546423998398098
 4982.901167020664 0. 2.851503517705314 0.000004549192700458609 0.0000045516952414324315
 4995.877472143114 0. 2.851672042161283 0.000004554471336932385 0.000004556980378276431
 5008.853777265563 0. 2.8518407724140844 0.000004559763632900642 0.000004562279466848723
 5021.830082388013 0. 2.8520097090207677 0.0000045650700267825585 0.000004567592565867837
 5034.806387510463 0. 2.852178852538381 0.000004570390513986573 0.000004572919734314651
 5047.782692632912 0. 2.8523482035185137 0.0000045757249424571286 0.000004578261031252922
 5060.758997755362 0. 2.852517762529137 0.000004581073750281449 0.0000045836165165549716
 5073.735302877812 0. 2.8526875301327608 0.0000045864367852729316 0.000004588986250184728
 5086.711608000261 0. 2.8528575068809725 0.000004591813747742943 0.000004594370291999183
 5099.687913122711 0. 2.853027693358128 0.0000045972055183030215 0.00000459976870323013
 5112.664218245161 0. 2.8531980901212757 0.000004602611354595498 0.000004605181544469836
 5125.64052336761 0. 2.853368697743849 0.000004608031694529943 0.0000046106088771319324
 5138.61682849006 0. 2.853539516804742 0.000004613466680883705 0.000004616050763090986
 5151.5931336125095 0. 2.853710547882848 0.000004618916308851887 0.000004621507264502201
 5164.569438734959 0. 2.8538817915461387 0.000004624380278748554 0.000004626978443436211
 5177.5457438574085 0. 2.8540532483898926 0.000004629859323193805 0.000004632464363164199
 5190.522048979858 0. 2.854224918987542 0.000004635352847419501 0.000004637965086510115
 5203.4983541023075 0. 2.8543968039343643 0.000004640861436468992 0.0000046434806773212785
 5216.4746592247575 0. 2.8545689038092545 0.000004646384643109164 0.000004649011199183629
 5229.4509643472065 0. 2.854741219218413 0.0000046519231996721785 0.000004654556716897824
 5242.4272694696565 0. 2.8549137507461926 0.000004657476511372546 0.000004660117294822012
 5255.403574592106 0. 2.8550864989878755 0.000004663044868337033 0.000004665692997980477
 5268.3798797145555 0. 2.8552594645496585 0.000004668628560209486 0.000004671283892067681
 5281.3561848370055 0. 2.855432648032281 0.000004674227434647032 0.000004676890042895428
 5294.332489959455 0. 2.8556060500419465 0.000004679841634082319 0.000004682511516765649
 5307.3087950819045 0. 2.8557796711848518 0.000004685471153291339 0.000004688148380286792
 5320.285100204354 0. 2.8559535120671975 0.00000469111598727923 0.000004693800700376036
 5333.261405326804 0. 2.8561275733061096 0.000004696776425764069 0.000004699468544635018
 5346.237710449253 0. 2.856301855518708 0.0000047024524634182 0.0000047051519809796505
 5359.214015571703 0. 2.856476359322118 0.000004708144095190711 0.000004710851077642431
 5372.190320694153 0. 2.85665108533346 0.000004713851315768168 0.000004716565903173963
 5385.166625816602 0. 2.85682603418078 0.000004719574414669541 0.000004722296526821305
 5398.142930939052 0. 2.857001206486663 0.0000047253132393203374 0.000004728043017967595
 5411.119236061502 0. 2.857176602884616 0.000004731068079049385 0.000004733805446698339
 5424.095541183951 0. 2.8573522240081455 0.00000473683892848657 0.000004739583883428492
 5437.071846306401 0. 2.8575280704907553 0.000004742625782214521 0.0000047453783989043315
 5450.048151428851 0. 2.8577041429659573 0.0000047484286350799836 0.000004751189064205881
 5463.0244565513 0. 2.8578804420781774 0.000004754247776018165 0.000004757015951127816
 5476.00076167375 0. 2.858056968471845 0.000004760083199660534 0.000004762859131804717
 5488.9770667962 0. 2.858233722791389 0.000004765934900531076 0.000004768718678713071
 5501.953371918649 0. 2.8584107056867016 0.000004771803020404278 0.000004774594664863893
 5514.929677041099 0. 2.8585879178131326 0.000004777687700925475 0.000004780487163806262
 5527.905982163549 0. 2.8587653598205742 0.0000047835887893622575 0.00000478639624924871
 5540.882287285998 0. 2.8589430323698384 0.00000478950657451679 0.000004792321995634048
 5553.858592408448 0. 2.8591209361217387 0.0000047954410507921625 0.00000479826447776119
 5566.834897530898 0. 2.8592990717370874 0.000004801392212495507 0.00000480422377078716
 5579.811202653347 0. 2.859477439887622 0.000004807360348408233 0.00000481019995061413
 5592.787507775797 0. 2.8596560412450738 0.000004813345452619918 0.000004816193093509059
 5605.763812898247 0. 2.859834876481184 0.000004819347519614628 0.00000482220327610645
 5618.740118020696 0. 2.8600139462676832 0.000004825366543349286 0.000004828230575410052
 5631.716423143146 0. 2.860193251287232 0.000004831402812516259 0.000004834275069182644
 5644.692728265595 0. 2.860372792222489 0.000004837456321189 0.000004840336835563441
 5657.669033388045 0. 2.860552569761572 0.000004843527210580233 0.000004846415953264619
 5670.645338510495 0. 2.8607325845871383 0.0000048496153276178075 0.00000485251250118642
 5683.621643632944 0. 2.8609128373927715 0.000004855720960723361 0.000004858626559002224
 5696.597948755394 0. 2.8610933288775113 0.00000486184425087328 0.00000486475820696867
 5709.574253877844 0. 2.8612740597403996 0.000004867985192060812 0.000004870907525734612
 5722.550559000293 0. 2.8614550306804794 0.0000048741437782539284 0.0000048770745963435125
 5735.526864122743 0. 2.8616362423967923 0.000004880320003335492 0.000004883259500235966
 5748.503169245193 0. 2.861817695604761 0.000004886514302352559 0.000004889462319840519
 5761.479474367642 0. 2.861999391014355 0.0000048927265222226875 0.000004895683137795369
 5774.455779490092 0. 2.862181329340996 0.0000048989568035787456 0.0000049019220373423316
 5787.432084612542 0. 2.862363511300112 0.000004905205140340688 0.000004908179102134479
 5800.408389734991 0. 2.8625459376180493 0.000004911471820203143 0.000004914454416633103
 5813.384694857441 0. 2.862728609010234 0.00000491775654280699 0.0000049207480653229105
 5826.360999979891 0. 2.862911526213939 0.0000049240598899987845 0.0000049270601339041585
 5839.33730510234 0. 2.8630946899555103 0.000004930381561174258 0.000004933390708093369
 5852.31361022479 0. 2.8632781009722184 0.000004936721844000895 0.000004939739874444773
 5865.28991534724 0. 2.863461760006797 0.000004943080879034976 0.0000049461077201392344
 5878.266220469689 0. 2.8636456677910544 0.000004949458365695535 0.000004952494332395129
 5891.242525592139 0. 2.8638298250786436 0.000004955854885384631 0.000004958899799665549
 5904.218830714589 0. 2.8640142326123006 0.000004962270137693241 0.000004965324210448361
 5917.195135837038 0. 2.864198891151138 0.000004968704556686583 0.000004971767654286435
 5930.171440959488 0. 2.8643838014433483 0.00000497515784186599 0.000004978230220773155
 5943.147746081938 0. 2.8645689642589733 0.000004981630574392875 0.000004984712000757096
 5956.124051204387 0. 2.8647543803516657 0.000004988122306560624 0.000004991213084943093
 5969.100356326837 0. 2.864940050496924 0.000004994633619314616 0.000004997733565300876
 5982.076661449287 0. 2.8651259754593257 0.000005001164212033112 0.0000050042735338638916
 5995.052966571736 0. 2.8653121560143724 0.0000050077143716863085 0.000005010833083537456
 6008.029271694186 0. 2.8654985929375605 0.000005014284091241102 0.000005017412307700054
 6021.005576816635 0. 2.865685287015314 0.000005020873657653235 0.000005024011300612404
 6033.981881939085 0. 2.865872239034056 0.000005027483063853107 0.000005030630157017336
 6046.958187061535 0. 2.8660594497802063 0.0000050341123027430924 0.00000503726897214297
 6059.934492183984 0. 2.8662469200511107 0.000005040761661037088 0.000005043927842113714
 6072.910797306434 0. 2.866434650638653 0.000005047430984737508 0.000005050606863344387
 6085.887102428884 0. 2.866622642345637 0.000005054120560293536 0.000005057306133154964
 6098.863407551333 0. 2.866810895974872 0.000005060830380641861 0.0000050640257493681115
 6111.839712673783 0. 2.8669994123346227 0.000005067560585189775 0.000005070765810517159
 6124.816017796233 0. 2.867188192244079 0.000005074311460318369 0.000005077526416056884
 6137.792322918682 0. 2.86737723651697 0.000005081082851864454 0.0000050843076657529775
 6150.768628041132 0. 2.8675665459724846 0.000005087874899209632 0.000005091109660095923
 6163.744933163582 0. 2.8677561214352743 0.0000050946877417176936 0.000005097932500306275
 6176.721238286031 0. 2.867945963735451 0.000005101521518674691 0.000005104776288339873
 6189.697543408481 0. 2.868136073703127 0.000005108376222525235 0.000005111641126685912
 6202.673848530931 0. 2.8683264521793386 0.000005115252139275436 0.000005118527118785702
 6215.65015365338 0. 2.8685170999996568 0.00000512214911441721 0.000005125434368415956
 6228.62645877583 0. 2.8687080180160396 0.000005129067580577412 0.0000051323629805237045
 6241.60276389828 0. 2.868899207074984 0.00000513600738329663 0.0000051393130604011375
 6254.579069020729 0. 2.869090668028446 0.000005142968661456192 0.000005146284714105125
 6267.555374143179 0. 2.8692824017393064 0.000005149951700742177 0.000005153278048672307
 6280.531679265629 0. 2.8694744090649844 0.000005156956346531459 0.000005160293171497493
 6293.507984388078 0. 2.8696666908738186 0.000005163982884227594 0.000005167330190965567
 6306.484289510528 0. 2.8698592480341527 0.000005171031305992855 0.000005174389216038635
 6319.4605946329775 0. 2.8700520814252477 0.0000051781018970036795 0.000005181470356680808
 6332.436899755427 0. 2.870245191926369 0.0000051851946492936124 0.000005188573723444322
 6345.4132048778765 0. 2.87043858041678 0.000005192309554686079 0.000005195699427473283
 6358.3895100003265 0. 2.870632247792129 0.000005199447044976744 0.000005202847581142827
 6371.3658151227755 0. 2.8708261949425995 0.0000052066069651696285 0.000005210018297220497
 6384.3421202452255 0. 2.8710204227638405 0.000005213789453757457 0.000005217211689293666
 6397.318425367675 0. 2.871214932156962 0.000005220994649008565 0.0000052244278717753565
 6410.2947304901245 0. 2.8714097240339918 0.000005228222835598859 0.000005231666960123301
 6423.271035612574 0. 2.8716047993069638 0.000005235474005233588 0.000005238929070421412
 6436.247340735024 0. 2.87180015888791 0.000005242748149371036 0.00000524621431938385
 6449.2236458574735 0. 2.871995803694318 0.000005250045405920163 0.000005253522824573515
 6462.199950979923 0. 2.872191734654608 0.000005257366059669223 0.000005260854704623537
 6475.1762561023725 0. 2.8723879527026543 0.000005264710248262466 0.000005268210079029765
 6488.152561224822 0. 2.8725844587723333 0.000005272077963070143 0.000005275589067942497
 6501.128866347272 0. 2.872781253802982 0.000005279469341824717 0.000005282991792391334
 6514.105171469721 0. 2.8729783387339376 0.0000052868843757183 0.000005290418374056479
 6527.081476592171 0. 2.8731757145209227 0.00000529432349544069 0.0000052978689359516705
 6540.057781714621 0. 2.873373382119658 0.000005301786691972388 0.000005305343601764823
 6553.03408683707 0. 2.873571342480403 0.000005309273809833217 0.000005312842495650669
 6566.01039195952 0. 2.8737695965807255 0.0000053167855724402905 0.000005320365743539016
 6578.98669708197 0. 2.8739681453763453 0.000005324321384669879 0.000005327913471187712
 6591.963002204419 0. 2.874166989855751 0.0000053318821161612205 0.000005335485806363236
 6604.939307326869 0. 2.8743661309855884 0.000005339467171923789 0.000005343082876670485
 6617.915612449319 0. 2.874565569759805 0.000005347077274746367 0.000005350704811521465
 6630.891917571768 0. 2.874765307166893 0.000005354712268945094 0.000005358351740833818
 6643.868222694218 0. 2.874965344195338 0.000005362372144993082 0.000005366023795253589
 6656.844527816668 0. 2.875165681855476 0.000005370057479127333 0.000005373721107041766
 6669.820832939117 0. 2.875366321146718 0.000005377767968939952 0.000005381443808763465
 6682.797138061567 0. 2.8755672630848594 0.000005385504043989094 0.0000053891920343946256
 6695.773443184017 0. 2.875768508680234 0.000005393265548228929 0.000005396965918447766
 6708.749748306466 0. 2.8759700589540977 0.000005401052764673747 0.000005404765596640891
 6721.726053428916 0. 2.8761719149440905 0.000005408866122529233 0.000005412591206129274
 6734.702358551366 0. 2.87637407767147 0.000005416705172938384 0.00000542044288418163
 6747.678663673815 0. 2.876576548179338 0.000005424570491317089 0.0000054283207697407104
 6760.654968796265 0. 2.8767793275162554 0.000005432462213880944 0.000005436225002766857
 6773.631273918715 0. 2.8769824167253253 0.0000054403801843332 0.0000054441557237985445
 6786.607579041164 0. 2.8771858168605715 0.000005448324685132129 0.000005452113074628724
 6799.583884163614 0. 2.877389528992402 0.000005456296144922914 0.000005460097198539534
 6812.560189286064 0. 2.8775935541748394 0.000005464294114549896 0.000005468108238964302
 6825.536494408513 0. 2.8777978934892157 0.00000547231931511045 0.0000054761463412912195
 6838.512799530963 0. 2.8780025480114007 0.000005480371589885477 0.000005484211651524562
 6851.489104653412 0. 2.878207518828184 0.0000054884512208139924 0.0000054923043169676715
 6864.465409775862 0. 2.8784128070208967 0.00000549655805116165 0.000005500424485553636
 6877.441714898312 0. 2.8786184136927155 0.000005504692655272896 0.000005508572306985003
 6890.418020020761 0. 2.8788243399468136 0.000005512855022295401 0.000005516747931838487
 6903.394325143211 0. 2.879030586886369 0.000005521045141586776 0.000005524951511571835
 6916.370630265661 0. 2.8792371556254768 0.000005529263294564439 0.000005533183198986889
 6929.34693538811 0. 2.8794440472891596 0.000005537509762798201 0.000005541443148240829
 6942.32324051056 0. 2.879651263002438 0.000005545784535203104 0.000005549731514398668
 6955.29954563301 0. 2.8798588038957913 0.000005554087746808567 0.000005558048453669845
 6968.275850755459 0. 2.880066671110628 0.000005562419678956533 0.0000055663941236476335
 6981.252155877909 0. 2.880274865788348 0.000005570780320158581 0.000005574768682858957
 6994.228461000359 0. 2.8804833890812813 0.000005579169951607043 0.0000055831722912341256
 7007.204766122808 0. 2.880692242152676 0.000005587588854014213 0.000005591605110117837
 7020.181071245258 0. 2.8809014261603196 0.000005596036869804282 0.000005600067301585805
 7033.157376367708 0. 2.8811109422838466 0.000005604514571882128 0.000005608559029611011
 7046.133681490157 0. 2.881320791691967 0.000005613021656376354 0.000005617080458684107
 7059.109986612607 0. 2.8815309755697744 0.000005621558549818915 0.000005625631754981942
 7072.086291735057 0. 2.8817414951187494 0.000005630125678705493 0.000005634213086382115
 7085.062596857506 0. 2.881952351523982 0.000005638722592749245 0.000005642824621073239
 7098.038901979956 0. 2.8821635459924164 0.000005647349864487614 0.000005651466529197641
 7111.015207102406 0. 2.8823750797419128 0.000005656007773729557 0.000005660138982403057
 7123.991512224855 0. 2.8825869539848705 0.000005664696162307577 0.000005668842153129051
 7136.967817347305 0. 2.882799169950076 0.00000567341545614735 0.000005677576215586896
 7149.944122469755 0. 2.883011728866314 0.000005682165642875577 0.000005686341345045285
 7162.920427592204 0. 2.88322463197329 0.0000056909470020432114 0.000005695137718317153
 7175.896732714654 0. 2.8834378805216336 0.000005699759813178752 0.000005703965513772953
 7188.873037837104 0. 2.8836514757619756 0.00000570860406368339 0.000005712824910878514
 7201.849342959553 0. 2.8838654189504065 0.000005717479886852676 0.000005721716090441835
 7214.825648082003 0. 2.8840797113594006 0.000005726387707776622 0.000005730639235101125
 7227.801953204453 0. 2.8842943542668937 0.000005735327659522357 0.0000057395945288629035
 7240.778258326902 0. 2.8845093489508224 0.000005744299729147774 0.0000057485821568738225
 7253.754563449352 0. 2.884724696700044 0.000005753304195433756 0.000005757602305909624
 7266.730868571802 0. 2.884940398819803 0.000005762341483021456 0.0000057666551646295485
 7279.707173694251 0. 2.8851564566098777 0.000005771411432661686 0.000005775740922629293
 7292.683478816701 0. 2.8853728713809725 0.000005780514322870404 0.000005784859771172222
 7305.65978393915 0. 2.8855896444601754 0.0000057896505778590485 0.000005794011903445473
 7318.6360890616 0. 2.885806777169112 0.000005798820038173193 0.00000580319751360777
 7331.61239418405 0. 2.8860242708457924 0.00000580802312780811 0.0000058124167977679415
 7344.588699306499 0. 2.8862421268391474 0.000005817260124617567 0.000005821669953758764
 7357.565004428949 0. 2.886460346498112 0.000005826531014877945 0.000005830957180664787
 7370.541309551399 0. 2.886678931177077 0.0000058358359303526255 0.000005840278679076394
 7383.517614673848 0. 2.8868978822522835 0.000005845175440381373 0.000005849634651837112
 7396.493919796298 0. 2.887117201099969 0.00000585454953068946 0.00000585902530308275
 7409.470224918748 0. 2.8873368890963724 0.000005863958187069007 0.00000586845083825248
 7422.446530041197 0. 2.8875569476450385 0.0000058734021240546515 0.000005877911465330134
 7435.422835163647 0. 2.887777378138589 0.000005882881035602647 0.00000588740739314111
 7448.399140286097 0. 2.8879981819860325 0.0000058923953445055946 0.000005896938832594239
 7461.375445408546 0. 2.8882193606127564 0.000005901945473182063 0.000005906505996700251
 7474.351750530996 0. 2.888440915438691 0.000005911531261180981 0.000005916109099598444
 7487.3280556534455 0. 2.888662847900149 0.000005921153130728286 0.000005925748357560028
 7500.304360775895 0. 2.8888851594443645 0.000005930811358223634 0.000005935423988758272
 7513.2806658983445 0. 2.8891078515185735 0.000005940505928524088 0.000005945136212786163
 7526.2569710207945 0. 2.8893309255918562 0.000005950237409138069 0.000005954885251669024
 7539.2332761432435 0. 2.8895543831278303 0.000005960005638954861 0.000005964671328633409
 7552.2095812656935 0. 2.8897782256065008 0.000005969811039610702 0.000005974494669121848
 7565.185886388143 0. 2.890002454524251 0.000005979654032291339 0.000005984355500812727
 7578.1621915105925 0. 2.8902270713665477 0.0000059895343101182045 0.000005994254052379918
 7591.138496633042 0. 2.890452077651622 0.000005999452730993345 0.0000060041905555221295
 7604.114801755492 0. 2.8906774748867803 0.000006009408987609434 0.000006014165242965265
 7617.0911068779415 0. 2.8909032646011803 0.000006019403646488826 0.000006024178349993709
 7630.067412000391 0. 2.8911294483294347 0.000006029436836837204 0.00000603423011371041
 7643.043717122841 0. 2.8913560276170833 0.000006039508833591147 0.000006044320773308579
 7656.02002224529 0. 2.891583004015124 0.000006049619765772601 0.000006054450569840321
 7668.99632736774 0. 2.8918103790964014 0.00000605977019906047 0.000006064619746979411
 7681.972632490189 0. 2.8920381544228366 0.0000060699598255776025 0.000006074828549539773
 7694.948937612639 0. 2.8922663315836585 0.000006080189356238906 0.000006085077225261963
 7707.925242735089 0. 2.892494912173557 0.000006090458919528972 0.0000060953660238160665
 7720.901547857538 0. 2.892723897798141 0.000006100768789259536 0.000006105695197077169
 7733.877852979988 0. 2.892953290063025 0.0000061111189483002625 0.000006116064998628666
 7746.854158102438 0. 2.8931830906011267 0.000006121510106647836 0.00000612647568507305
 7759.830463224887 0. 2.8934133010399012 0.000006131942101224484 0.0000061369275145024304
 7772.806768347337 0. 2.893643923028652 0.000006142415496328019 0.000006147420747813074
 7785.783073469787 0. 2.893874958216682 0.000006152930274095788 0.000006157955647688354
 7798.759378592236 0. 2.894106408275136 0.00000616348699832277 0.000006168532479660641
 7811.735683714686 0. 2.894338274880622 0.00000617408579628973 0.00000617915151135251
 7824.711988837136 0. 2.8945705597206737 0.000006184726940707919 0.000006189813012758767
 7837.688293959585 0. 2.8948032644882806 0.0000061954105584430825 0.000006200517256005044
 7850.664599082035 0. 2.89503639089282 0.000006206137067263399 0.000006211264515895396
 7863.640904204485 0. 2.8952699406655107 0.000006216907029894459 0.000006222055070201906
 7876.617209326934 0. 2.895503915526652 0.000006227720136771855 0.0000062328891981042935
 7889.593514449384 0. 2.895738317218388 0.000006238576950401693 0.0000062437671817945445
 7902.569819571834 0. 2.895973147499245 0.0000062494778876067034 0.000006254689306240049
 7915.546124694283 0. 2.896208408138674 0.000006260423219796514 0.000006265655858943922
 7928.522429816733 0. 2.8964441009061237 0.000006271412927386984 0.000006276667129434451
 7941.498734939183 0. 2.896680227592889 0.000006282447572094584 0.0000062877234103551685
 7954.475040061632 0. 2.8969167900011885 0.000006293527424735096 0.000006298824996958598
 7967.451345184082 0. 2.8971537899386974 0.000006304652610494991 0.000006309972186861939
 7980.427650306532 0. 2.8973912292349424 0.0000063158236905627855 0.0000063211652808788754
 7993.403955428981 0. 2.8976291097249076 0.0000063270407897742815 0.000006332404582239941
 8006.380260551431 0. 2.8978674332545 0.000006338304178196854 0.000006343690396886578
 8019.356565673881 0. 2.898106201691473 0.000006349614416210798 0.0000063550230340402515
 8032.33287079633 0. 2.8983454169035787 0.000006360971482924417 0.000006366402805146745
 8045.30917591878 0. 2.8985850807804137 0.0000063723759382653305 0.0000063778300249877605
 8058.28548104123 0. 2.898825195217038 0.0000063838279063132565 0.000006389305010894519
 8071.261786163679 0. 2.899065762130354 0.000006395327946444191 0.00000640082808359372
 8084.238091286129 0. 2.899306783437269 0.000006406876037245141 0.000006412399566143844
 8097.214396408579 0. 2.8995482610819887 0.000006418472882713361 0.00000642401978533259
 8110.190701531028 0. 2.899790197014188 0.000006430118606268171 0.000006435689070612213
 8123.167006653478 0. 2.900032593194459 0.000006441813476007884 0.000006447407754401299
 8136.143311775927 0. 2.9002754516052405 0.000006453558050271886 0.000006459176172668623
 8149.119616898377 0. 2.900518774228973 0.000006465352306610746 0.000006470994663864049
 8162.095922020827 0. 2.900762563080862 0.000006477197093041453 0.000006482863570589153
 8175.072227143276 0. 2.9010068201761148 0.000006489092386653578 0.000006494783238001323
 8188.048532265726 0. 2.901251547546321 0.00000650103859970006 0.000006506754014653992
 8201.024837388175 0. 2.901496747233995 0.00000651303599913264 0.0000065187762522567086
 8214.001142510626 0. 2.9017424213034935 0.000006525085141708297 0.000006530850306268608
 8226.977447633075 0. 2.9019885718300977 0.000006537186293907461 0.00000654297653537396
 8239.953752755524 0. 2.9022352009054724 0.000006549339866969667 0.000006555155301796869
 8252.930057877975 0. 2.9024823106267417 0.000006561545981812693 0.0000065673869707715055
 8265.906363000424 0. 2.9027299031238 0.000006573805484334973 0.000006579671911990696
 8278.882668122873 0. 2.902977980515616 0.000006586118059910743 0.000006592010497378048
 8291.858973245324 0. 2.903226544964853 0.000006598484843928429 0.0000066044031039594035
 8304.835278367773 0. 2.903475598623249 0.000006610905521399074 0.00000661685011106047
 8317.811583490222 0. 2.9037251436807696 0.000006623381081918149 0.000006629351902905853
 8330.787888612673 0. 2.9039751823273834 0.000006635911500147658 0.000006641908866662578
 8343.764193735122 0. 2.90422571676944 0.000006648497185280582 0.000006654521393332341
 8356.74049885757 0. 2.904476749240597 0.000006661138836168229 0.000006667189878368741
 8369.716803980022 0. 2.9047282819799745 0.000006673836571674789 0.0000066799147205680925
 8382.69310910247 0. 2.9049803172430715 0.000006686590800100368 0.0000066926963226830765
 8395.66941422492 0. 2.905232857307237 0.000006699402074620049 0.000006705535091755264
 8408.64571934737 0. 2.9054859044662025 0.00000671227080303477 0.000006718431438869549
 8421.62202446982 0. 2.9057394610246225 0.000006725197248069187 0.000006731385778904657
 8434.598329592269 0. 2.9059935293035326 0.0000067381818169668655 0.000006744398530865663
 8447.57463471472 0. 2.9062481116458163 0.000006751225061684131 0.000006757470118221399
 8460.550939837169 0. 2.9065032104162003 0.0000067643275336887695 0.000006770600968952492
 8473.527244959618 0. 2.906758827979414 0.000006777489205021845 0.000006783791514420487
 8486.503550082069 0. 2.907014966732951 0.000006790710916203962 0.000006797042191176126
 8499.479855204518 0. 2.9072716290961504 0.0000068039932178239046 0.000006810353440424087
 8512.456160326967 0. 2.9075288174828953 0.000006817335936401754 0.000006823725706588075
 8525.432465449418 0. 2.9077865343507496 0.000006830740200840315 0.00000683715944002382
 8538.408770571867 0. 2.908044782157285 0.000006844205981937985 0.000006850655094697502
 8551.385075694316 0. 2.9083035633873773 0.000006857733973772104 0.00000686421312971991
 8564.361380816767 0. 2.9085628805422847 0.000006871324580588751 0.0000068778340088031526
 8577.337685939216 0. 2.908822736145112 0.000006884978351109086 0.000006891518200618074
 8590.313991061665 0. 2.9090831327353484 0.000006898695688965719 0.00000690526617852251
 8603.290296184116 0. 2.909344072863401 0.00000691247685273149 0.0000069190784203472035
 8616.266601306565 0. 2.9096055591179124 0.000006926322824270134 0.000006932955409936222
 8629.242906429014 0. 2.9098675940875203 0.000006940233572093435 0.000006946897635093079
 8642.219211551464 0. 2.910130180388171 0.000006954209787953532 0.00000696090558914708
 8655.195516673914 0. 2.910393320663117 0.00000696825216307053 0.000006974979771015555
 8668.171821796363 0. 2.9106570175665327 0.000006982360954449408 0.00000698912068434798
 8681.148126918813 0. 2.9109212737744374 0.000006996536707986512 0.0000070033288381924155
 8694.124432041262 0. 2.911186091990157 0.000007010780113831589 0.000007017604747364414
 8707.100737163712 0. 2.9114514749224787 0.000007025091283388834 0.000007031948931277607
 8720.07704228616 0. 2.9117174253184195 0.0000070394711952526936 0.000007046361915851837
 8733.053347408611 0. 2.9119839459304546 0.000007053919960056725 0.000007060844231726014
 8746.02965253106 0. 2.912251039554754 0.000007068438700159577 0.000007075396416489293
 8759.00595765351 0. 2.912518708982023 0.0000070830272364075015 0.000007090019011953828
 8771.98226277596 0. 2.912786957046657 0.0000070976866902326186 0.000007104712567016496
 8784.95856789841 0. 2.913055786593976 0.00000711241731545416 0.000007119477635860261
 8797.934873020859 0. 2.913325200496605 0.000007127219799042862 0.000007134314778957568
 8810.91117814331 0. 2.913595201643553 0.000007142094538585867 0.000007149224562512792
 8823.887483265758 0. 2.913865792951133 0.000007157042220183566 0.000007164207559160388
 8836.863788388207 0. 2.914136977362971 0.000007172063529667444 0.00000717926434804065
 8849.840093510658 0. 2.9144087578390683 0.000007187158863206276 0.000007194395514239506
 8862.816398633107 0. 2.914681137361278 0.000007202328761417587 0.000007209601649176811
 8875.792703755556 0. 2.9149541189496766 0.000007217574197341846 0.00000722488335163902
 8888.769008878007 0. 2.915227705629809 0.000007232895277518955 0.000007240241225944987
 8901.745314000456 0. 2.9155019004654403 0.0000072482929740019124 0.000007255675883936889
 8914.721619122905 0. 2.915776706542189 0.000007263767825644404 0.000007271187944105006
 8927.697924245356 0. 2.916052126962049 0.000007279320226103159 0.00000728677803134235
 8940.674229367805 0. 2.9163281648652504 0.000007294951146380418 0.000007302446778317412
 8953.650534490254 0. 2.9166048234029427 0.000007310660835031263 0.000007318194823943089
 8966.626839612705 0. 2.916882105769965 0.000007326450406176428 0.000007334022815412066
 8979.603144735154 0. 2.9171600151720787 0.000007342320107532507 0.000007349931406311748
 8992.579449857603 0. 2.917438554847816 0.000007358270763695784 0.000007365921258050069
 9005.555754980054 0. 2.91771772806301 0.000007374303054218391 0.000007381993039595806
 9018.532060102503 0. 2.917997538116268 0.00000739041780268873 0.000007398147427907398
 9031.508365224952 0. 2.918277988311652 0.000007406615110617613 0.000007414385106377765
 9044.484670347403 0. 2.9185590820078424 0.000007422896377606544 0.000007430706767894606
 9057.460975469852 0. 2.9188408225798987 0.000007439261992621817 0.000007447113112632546
 9070.437280592301 0. 2.9191232134192666 0.000007455712344497745 0.000007463604848142124
 9083.413585714752 0. 2.919406257972005 0.00000747224883084561 0.000007480182691779746
 9096.389890837201 0. 2.919689959695093 0.000007488871695039705 0.000007496847368150042
 9109.36619595965 0. 2.91997432207282 0.000007505581612730595 0.000007513599610203024
 9122.342501082101 0. 2.9202593486276975 0.0000075223795470787645 0.000007530440160012103
 9135.31880620455 0. 2.920545042915013 0.000007539266316765626 0.0000075473697685519135
 9148.295111327 0. 2.9208314085118916 0.000007556242451309182 0.000007564389195131553
 9161.27141644945 0. 2.9211184490227686 0.000007573308624122771 0.000007581499207839502
 9174.2477215719 0. 2.9214061681012318 0.00000759046608430481 0.000007598700585018869
 9187.224026694348 0. 2.9216945694172494 0.000007607715215645944 0.000007615994113346684
 9200.200331816799 0. 2.9219836566680972 0.0000076250566897383976 0.00000763338058862483
 9213.176636939248 0. 2.9222734336002048 0.000007642491753783999 0.000007650860817273236
 9226.152942061697 0. 2.922563903987303 0.000007660021077885762 0.000007668435615086937
 9239.129247184148 0. 2.922855071619512 0.000007677645043826032 0.000007686105806664195
 9252.105552306597 0. 2.923146940347022 0.000007695365184690008 0.000007703872228296263
 9265.081857429046 0. 2.9234395140364087 0.000007713181880839823 0.000007721735725335777
 9278.058162551497 0. 2.923732796587014 0.000007731095944072519 0.000007739697153360673
 9291.034467673946 0. 2.9240267919473353 0.000007749108617498007 0.000007757757379359295
 9304.010772796395 0. 2.924321504087708 0.000007767220423392553 0.000007775917280123443
 9316.987077918846 0. 2.924616937016702 0.00000778543231562871 0.000007794177743441185
 9329.963383041295 0. 2.924913094781115 0.00000780374524717166 0.000007812539668214426
 9342.939688163744 0. 2.925209981471433 0.00000782216031409683 0.000007831003965002546
 9355.915993286195 0. 2.925507601194529 0.000007840677892435844 0.000007849571554371679
 9368.892298408644 0. 2.925805958117345 0.000007859299508469547 0.000007868243369887897
 9381.868603531093 0. 2.926105056428674 0.000007878025680735744 0.000007887020355788248
 9394.844908653544 0. 2.926404900366454 0.000007896857646130557 0.000007905903468917356
 9407.821213775993 0. 2.9267054941959345 0.000007915796065632804 0.000007924893677458373
 9420.797518898442 0. 2.927006842236977 0.000007934842318502066 0.000007943991962892019
 9433.773824020893 0. 2.9273089488312833 0.000007953996920147792 0.000007963199318003222
 9446.750129143342 0. 2.9276118183751754 0.000007973261248396815 0.000007982516749216387
 9459.72643426579 0. 2.9279154552977364 0.000007992636104680818 0.000008001945275323365
 9472.702739388242 0. 2.928219864077204 0.000008012122721181254 0.000008021485928751183
 9485.67904451069 0. 2.9285250492245822 0.000008031721897878365 0.000008041139754649147
 9498.65534963314 0. 2.928831015294566 0.000008051434721464301 0.000008060907811800529
 9511.63165475559 0. 2.9291377668964635 0.000008071262565205048 0.000008080791173551602
 9524.60795987804 0. 2.9294453086668857 0.000008091206082743121 0.000008100790926161757
 9537.584265000489 0. 2.9297536452916018 0.000008111266502070736 0.00000812090817047085
 9550.56057012294 0. 2.9300627815109856 0.000008131445193436306 0.000008141144022477015
 9563.536875245389 0. 2.930372722092723 0.00000815174280822231 0.000008161499611680496
 9576.513180367838 0. 2.9306834718700334 0.00000817216100228975 0.000008181976083901427
 9589.489485490287 0. 2.930995035708903 0.000008192700568695751 0.000008202574599253271
 9602.465790612738 0. 2.9313074185299297 0.00000821336287404256 0.000008223296333857132
 9615.442095735187 0. 2.9316206252919432 0.000008234148853294217 0.000008244142478934425
 9628.418400857636 0. 2.9319346610083863 0.000008255059871126611 0.000008265114242163968
 9641.394705980087 0. 2.9322495307473084 0.000008276097290987153 0.000008286212847927632
 9654.371011102536 0. 2.932565239620456 0.000008297262188487721 0.000008307439536758156
 9667.347316224985 0. 2.932881792783262 0.000008318555638058104 0.000008328795565616429
 9680.323621347436 0. 2.9331991954512344 0.00000833997914370363 0.000008350282209258423
 9693.299926469885 0. 2.9335174528944936 0.00000836153406483004 0.000008371900760118106
 9706.276231592334 0. 2.933836570426849 0.000008383221472682386 0.000008393652527790562
 9719.252536714785 0. 2.934156553416725 0.000008405042724534067 0.00000841553884006415
 9732.228841837234 0. 2.934477407292618 0.000008426999319877356 0.000008437561043581416
 9745.205146959683 0. 2.9347991375267144 0.000008449092326728997 0.000008459720502943349
 9758.181452082134 0. 2.9351217496622 0.000008471323529232136 0.000008482018602945808
 9771.157757204583 0. 2.9354452492859457 0.000008493693992967863 0.000008504456746908265
 9784.134062327032 0. 2.935769642044901 0.000008516205212867601 0.000008527036358141603
 9797.110367449483 0. 2.936094933646086 0.00000853885868242903 0.00000854975888025051
 9810.086672571932 0. 2.9364211298565968 0.000008561655893975418 0.000008572625777442553
 9823.06297769438 0. 2.9367482364926807 0.000008584598051882898 0.000008595638534040928
 9836.039282816831 0. 2.9370762594415796 0.000008607686932573863 0.00000861879865639981
 9849.01558793928 0. 2.9374052046451506 0.00000863092388126411 0.000008642107672034149
 9861.99189306173 0. 2.937735078121707 0.000008654310814931415 0.000008665567131565911
 9874.96819818418 0. 2.9380658859277906 0.000008677848646235245 0.000008689178606238419
 9887.94450330663 0. 2.938397634201863 0.000008701539432781057 0.000008712943691498266
 9900.920808429079 0. 2.938730329147922 0.000008725384800855194 0.00000873686400614798
 9913.89711355153 0. 2.939063977024575 0.000008749386088828347 0.000008760941191890947
 9926.873418673978 0. 2.93939858416689 0.000008773545206671695 0.000008785176915348522
 9939.849723796427 0. 2.939734156970007 0.000008797863633115333 0.000008809572867183456
 9952.826028918878 0. 2.9400707019000634 0.00000882234313195648 0.000008834130763358238
 9965.802334041327 0. 2.9404082254996555 0.000008846985608526546 0.000008858852345926173
 9978.778639163776 0. 2.9407467343769125 0.000008871792680210821 0.000008883739382621018
 9991.754944286227 0. 2.9410862352109617 0.000008896766106117868 0.000008908793667690554
 10004.731249408676 0. 2.941426734746462 0.000008921907500532391 0.00000893401702190288
 10017.707554531125 0. 2.941768239820919 0.000008947219191841758 0.000008959411295094144
 10030.683859653576 0. 2.9421107573319105 0.0000089727026480007 0.00000898497836409575
 10043.660164776025 0. 2.9424542942643925 0.000008998360050644522 0.000009010720135307137
 10056.636469898474 0. 2.942798857663396 0.000009024192864524165 0.000009036638543043646
 10069.612775020925 0. 2.9431444546667973 0.000009050203411038164 0.000009062735552574662
 10082.589080143374 0. 2.9434910924943827 0.000009076393723286817 0.00000908901315977654
 10095.565385265823 0. 2.9438387784369446 0.000009102765547038178 0.000009115473390778427
 10108.541690388274 0. 2.944187519872649 0.000009129321054839224 0.000009142118303770937
 10121.517995510723 0. 2.944537324261585 0.000009156062274660165 0.000009168949989111369
 10134.494300633172 0. 2.9448881991566807 0.000009182991518202908 0.00000919597057074327
 10147.470605755623 0. 2.9452401521927842 0.00000921011080945448 0.000009223182205889114
 10160.446910878072 0. 2.9455931910812008 0.000009237422027485458 0.00000925058708517494
 10173.423216000521 0. 2.945947323637 0.000009264927763987586 0.000009278187435427163
 10186.399521122972 0. 2.9463025577571718 0.000009292630036903955 0.000009305985518485394
 10199.375826245421 0. 2.9466589014424662 0.000009320531433521103 0.000009333983633643353
 10212.35213136787 0. 2.9470163627755572 0.000009348633967666076 0.000009362184116474643
 10225.328436490321 0. 2.947374949931957 0.000009376939936616692 0.000009390589340373091
 10238.30474161277 0. 2.9477346711964043 0.000009405452063952623 0.00000941920171857421
 10251.28104673522 0. 2.9480955349464772 0.000009434172642385574 0.000009448023703496678
 10264.25735185767 0. 2.9484575496525993 0.000009463103962560095 0.000009477057787435547
 10277.23365698012 0. 2.9488207238889546 0.00000949224859817588 0.000009506306504186303
 10290.209962102568 0. 2.949185066349877 0.000009521609548821967 0.000009535772431168852
 10303.186267225019 0. 2.9495505858061577 0.000009551188669641881 0.000009565458186517756
 10316.162572347468 0. 2.949917291159657 0.000009580989240640524 0.00000959536643445157
 10329.138877469917 0. 2.9502851914050785 0.00000961101354025499 0.000009625499882852632
 10342.115182592368 0. 2.9506542956518103 0.000009641264415094903 0.000009655861285930901
 10355.091487714817 0. 2.951024613134853 0.000009671744994485376 0.000009686453446014583
 10368.067792837266 0. 2.9513961531765824 0.00000970245740628854 0.000009717279211134141
 10381.044097959715 0. 2.951768925241373 0.000009733405202322684 0.00000974834148060267
 10394.020403082166 0. 2.9521429388918965 0.000009764590790271363 0.000009779643202166207
 10406.996708204615 0. 2.9525182038273603 0.00000979601757340905 0.000009811187376260092
 10419.973013327064 0. 2.9528947298561943 0.000009827688238975767 0.000009842977054567002
 10432.949318449515 0. 2.953272526912442 0.000009859605899188596 0.000009875015342479187
 10445.925623571964 0. 2.9536516050721313 0.000009891774090414407 0.000009907305401536463
 10458.901928694413 0. 2.9540319745205244 0.00000992419549112777 0.00000993985044759032
 10471.878233816864 0. 2.9544136455848724 0.000009956873631511417 0.00000997265375477181
 10484.854538939313 0. 2.954796628723495 0.000009989811753440998 0.000010005718655635013
 10497.830844061762 0. 2.9551809345257865 0.000010023013095703316 0.000010039048542287979
 10510.807149184213 0. 2.955566573728592 0.000010056481320843862 0.000010072646869036324
 10523.783454306662 0. 2.955953557199827 0.000010090219660710043 0.00001010651715210966
 10536.759759429111 0. 2.9563418959603265 0.000010124231913372985 0.00001014066297287681
 10549.736064551562 0. 2.9567316011729106 0.00001015852158820053 0.000010175087978131018
 10562.712369674011 0. 2.957122684142402 0.000010193092191340342 0.000010209795881390262
 10575.68867479646 0. 2.9575151563374535 0.00001022794779418105 0.000010244790466255103
 10588.66497991891 0. 2.957909029374174 0.00001026309203737569 0.000010280075586292628
 10601.64128504136 0. 2.9583043150215906 0.00001029852870011331 0.000010315655166959474
 10614.617590163809 0. 2.958701025223489 0.00001033426212659243 0.000010351533209125288
 10627.59389528626 0. 2.9590991720656468 0.000010370295803187802 0.000010387713787481699
 10640.570200408709 0. 2.9594987678140634 0.000010406634208113353 0.000010424201055737984
 10653.546505531158 0. 2.959899824909501 0.000010443281672885804 0.00001046099924769951
 10666.522810653609 0. 2.9603023559510975 0.000010480242097897176 0.000010498112677367786
 10679.499115776058 0. 2.9607063737182098 0.000010517519948002362 0.00001053554574271629
 10692.475420898507 0. 2.961111891181343 0.000010555119967833143 0.000010573302928512909
 10705.451726020958 0. 2.961518921474837 0.000010593046186302695 0.000010611388805495517
 10718.428031143407 0. 2.9619274779405633 0.000010631303764972066 0.000010649808036466831
 10731.404336265856 0. 2.96233757408969 0.000010669896865315344 0.000010688565374505884
 10744.380641388307 0. 2.962749223646373 0.000010708830780789067 0.000010727665669217364
 10757.356946510756 0. 2.963162440514992 0.000010748109947116848 0.000010767113865567005
 10770.333251633205 0. 2.963577238823841 0.00001078773993141747 0.000010806915010308653
 10783.309556755656 0. 2.9639936328814325 0.00001082772515877196 0.000010847074249829998
 10796.285861878105 0. 2.9644116372256506 0.000010868071327208278 0.00001088759683729
 10809.262167000554 0. 2.964831266601912 0.000010908783561031007 0.000010928488132780252
 10822.238472123005 0. 2.9652525359740802 0.000010949867262621787 0.000010969753606774614
 10835.214777245454 0. 2.965675460535394 0.000010991328112440875 0.000011011398843772427
 10848.191082367903 0. 2.9661000556975425 0.000011033171500958325 0.00001105342954370345
 10861.167387490354 0. 2.96652633711797 0.000011075403521986673 0.000011095851527372174
 10874.143692612803 0. 2.9669543206780338 0.000011118029695387675 0.00001113867073694182
 10887.119997735252 0. 2.967384022510311 0.000011161056244012337 0.000011181893241565533
 10900.096302857703 0. 2.9678154589985937 0.000011204489383769972 0.000011225525240315905
 10913.072607980152 0. 2.968248646766973 0.000011248335040219063 0.000011269573064044435
 10926.0489131026 0. 2.9686836027126016 0.000011292599982772545 0.000011314043181934644
 10939.025218225052 0. 2.969120343989309 0.000011337290548025011 0.000011358942203003703
 10952.0015233475 0. 2.969558888018531 0.000011382413349069005 0.00001140427688057823
 10964.97782846995 0. 2.969999252516609 0.000011427975699895721 0.000011450054118674627
 10977.9541335924 0. 2.970441455451104 0.00001147398377285937 0.000011496280970873715
 10990.93043871485 0. 2.9708855151117928 0.000011520445574852061 0.000011542964651630824
 11003.906743837299 0. 2.971331450050588 0.000011567367545502063 0.00001159011253364264
 11016.88304895975 0. 2.971779279152545 0.000011614757958282809 0.000011637732159503718
 11029.859354082198 0. 2.9722290215867004 0.000011662623802664101 0.000011685831240435361
 11042.835659204648 0. 2.9726806968497694 0.000011710973192666607 0.000011734417665328062
 11055.811964327098 0. 2.973134324766145 0.000011759814233052522 0.000011783499505166681
 11068.788269449547 0. 2.973589925471505 0.000011809154594232127 0.000011833085015737882
 11081.764574571996 0. 2.9740475194619798 0.000011859003211693697 0.000011883182647875075
 11094.740879694447 0. 2.974507127561368 0.00001190936816109577 0.000011933801048666034
 11107.717184816896 0. 2.9749687709648387 0.000011960258640627847 0.00001198494907149126
 11120.693489939345 0. 2.97543247121162 0.00001201168313030261 0.000012036635778175438
 11133.669795061796 0. 2.975898250228689 0.000012063651231358226 0.000012088870449479345
 11146.646100184245 0. 2.976366130308926 0.000012116171968065819 0.00001214166258821694
 11159.622405306694 0. 2.976836134149349 0.000012169255343618401 0.000012195021929650886
 11172.598710429145 0. 2.9773082848347223 0.000012222910925010287 0.000012248958445662068
 11185.575015551594 0. 2.9777826058594052 0.000012277148833046232 0.000012303482353666092
 11198.551320674043 0. 2.9782591211437377 0.000012331979600288552 0.000012358604125169103
 11211.527625796494 0. 2.978737855028576 0.000012387413605135374 0.000012414334491976076
 11224.503930918943 0. 2.9792188323025997 0.00001244346191960831 0.000012470684456592731
 11237.480236041392 0. 2.9797020781968504 0.000012500135460958637 0.000012527665298980936
 11250.456541163841 0. 2.9801876184175016 0.000012557445980314409 0.0000125852885882547
 11263.432846286292 0. 2.980675479129472 0.000012615404790640848 0.00001264356618869648
 11276.409151408741 0. 2.9811656870001157 0.000012674024320204277 0.000012702510273486569
 11289.38545653119 0. 2.9816582691828404 0.000012733316558365026 0.000012762133331331238
 11302.361761653641 0. 2.982153253349874 0.00001279329432617461 0.000012822448179639748
 11315.33806677609 0. 2.982650667697726 0.000012853970569670654 0.000012883467974602227
 11328.31437189854 0. 2.983150540974492 0.000012915358923869734 0.000012945206224485536
 11341.29067702099 0. 2.983652902458011 0.000012977472442317856 0.000013007676797065749
 11354.26698214344 0. 2.984157782015941 0.000013040325713184338 0.000013070893937968158
 11367.243287265888 0. 2.9846652100948305 0.000013103933023908398 0.000013134872280417605
 11380.21959238834 0. 2.985175217741969 0.00001316830920752601 0.00001319962685966265
 11393.195897510788 0. 2.985687836621768 0.000013233469500720284 0.000013265173127222447
 11406.172202633237 0. 2.986203099032148 0.000013299429543209333 0.000013331526965688242
 11419.148507755688 0. 2.9867210379209155 0.000013366205376835205 0.000013398704704038231
 11432.124812878137 0. 2.9872416869240013 0.000013433814008910017 0.000013466723136618827
 11445.101118000586 0. 2.9877650803436064 0.000013502271860635963 0.000013535599534561202
 11458.077423123037 0. 2.9882912532028216 0.00001357159673988728 0.000013605351668201152
 11471.053728245486 0. 2.9888202412565463 0.000013641806712454174 0.000013675997824341898
 11484.030033367935 0. 2.9893520810133345 0.000013712920383138459 0.000013747556825728471
 11497.006338490386 0. 2.9898868097517766 0.000013784956753962587 0.00001382004805054097
 11509.982643612835 0. 2.990424465542349 0.000013857935364287685 0.00001389349145345322
 11522.958948735284 0. 2.9909650872856397 0.000013931876711831646 0.000013967907589906368
 11535.935253857735 0. 2.991508714728732 0.000014006801688491026 0.000014043317638198173
 11548.911558980184 0. 2.992055388481589 0.000014082731579463277 0.000014119743422604364
 11561.887864102633 0. 2.992605150055282 0.000014159688624974993 0.000014197207440547498
 11574.864169225084 0. 2.9931580418947608 0.000014237695878190379 0.000014275732890184296
 11587.840474347533 0. 2.9937141073843097 0.000014316776500661825 0.000014355343695112132
 11600.816779469982 0. 2.994273390907628 0.000014396955167681164 0.000014436064538308556
 11613.793084592433 0. 2.994835937864206 0.00001447825694135203 0.000014517920890979456
 11626.769389714882 0. 2.9954017946911775 0.000014560707410404661 0.00001460093904350355
 11639.745694837331 0. 2.995971008917928 0.000014644333531825174 0.000014685146142784962
 11652.721999959782 0. 2.996543629198863 0.00001472916306683025 0.000014770570227862744
 11665.698305082231 0. 2.9971197053243315 0.000014815224017538211 0.000014857240263845627
 11678.67461020468 0. 2.9976992883025466 0.000014902546451548256 0.000014945186188434177
 11691.65091532713 0. 2.9982824303541187 0.000014991160252257337 0.000015034438946820454
 11704.62722044958 0. 2.9988691849885183 0.00001508109722420294 0.000015125030541286543
 11717.603525572029 0. 2.9994596070368416 0.000015172389967074735 0.00001521699407611424
 11730.57983069448 0. 3.0000537526900395 0.000015265072014349803 0.000015310363805528814
 11743.556135816929 0. 3.000651679553532 0.00001535917825220418 0.00001540517518657678
 11756.532440939378 0. 3.001253446696356 0.00001545474477661062 0.000015501464933796855
 11769.508746061829 0. 3.001859114705781 0.000015551809031340656 0.000015599271077367683
 11782.485051184278 0. 3.0024687457364583 0.000015650409665007596 0.000015698633023283275
 11795.461356306727 0. 3.003082403575957 0.000015750586949114986 0.000015799591619322965
 11808.437661429178 0. 3.00370015368846 0.000015852382214546668 0.000015902189220613968
 11821.413966551627 0. 3.00432206330213 0.000015955838969526222 0.00001600646976613882
 11834.390271674076 0. 3.0049482014528146 0.000016061001775705543 0.000016112478851505395
 11847.366576796527 0. 3.0055786390604964 0.000016167917085338527 0.000016220263811432427
 11860.342881918976 0. 3.0062134490057475 0.000016276633237685698 0.000016329873806481845
 11873.319187041425 0. 3.0068527062061983 0.000016387200455522245 0.000016441359914505175
 11886.295492163876 0. 3.007496487682063 0.000016499670560777206 0.000016554775225028225
 11899.271797286325 0. 3.008144872665367 0.000016614098090680456 0.000016670174946860192
 11912.248102408774 0. 3.0087979426545624 0.00001673053889351746 0.000016787616511450327
 11925.224407531225 0. 3.0094557815455962 0.000016849052083256386 0.000016907159696519446
 11938.200712653674 0. 3.010118475697443 0.000016969698355265038 0.000017028866744146348
 11951.177017776123 0. 3.010786114052261 0.00001709254138060738 0.000017152802496158143
 11964.153322898574 0. 3.0114587882391444 0.000017217647380139 0.000017279034534202082
 11977.129628021023 0. 3.0121365926888184 0.000017345085398822468 0.00001740763333020654
 11990.105933143472 0. 3.01281962475379 0.000017474927439154963 0.000017538672406813016
 12003.082238265923 0. 3.0135079848284807 0.000017607248454137068 0.000017672228507603355
 12016.058543388372 0. 3.0142017765076212 0.00001774212731898735 0.000017808381785344065
 12029.03484851082 0. 3.0149011067009255 0.000017879645705096856 0.000017947215992978067
 12042.01115363327 0. 3.015606085802396 0.000018019889469489034 0.000018088818697896555
 12054.98745875572 0. 3.016316827826853 0.000018162947808150303 0.000018233281502862554
 12067.96376387817 0. 3.017033450617466 0.000018308915061825055 0.000018380700296364274
 12080.940069000619 0. 3.0177560759877387 0.000018457889030842 0.00001853117550506759
 12093.91637412307 0. 3.018484829929045 0.000018609972640109703 0.000018684812377262638
 12106.892679245519 0. 3.0192198428126935 0.00001876527378779678 0.000018841721284111697
 12119.868984367968 0. 3.0199612495974555 0.000018923905473061423 0.00001900201804250929
 12132.845289490419 0. 3.020709190064396 0.000019085986480424225 0.000019165824266504698
 12145.821594612868 0. 3.0214638090680985 0.00001925164178427453 0.00001933326774692047
 12158.797899735317 0. 3.0222252567660304 0.000019421001976489873 0.00001950448285289262
 12171.774204857767 0. 3.0229936889298425 0.000019594205341315717 0.000019679610981589275
 12184.750509980217 0. 3.0237692672184275 0.000019771396862340314 0.00001985880103164173
 12197.726815102666 0. 3.024552159511059 0.000019952729736578427 0.00002004220992638102
 12210.703120225116 0. 3.0253425402241425 0.000020138364936767924 0.000020230003172366793
 12223.679425347565 0. 3.0261405906825845 0.000020328472582462396 0.000020422355474350366
 12236.655730470015 0. 3.026946499513004 0.000020523232473267622 0.000020619451403546822
 12249.632035592465 0. 3.027760463053322 0.00002072283448102749 0.000020821486123127764
 12262.608340714914 0. 3.028582685800591 0.000020927479496848875 0.00002102866618185018
 12275.584645837363 0. 3.029413380886123 0.00002113738009693276 0.000021241210379903614
 12288.560950959814 0. 3.030252770605231 0.000021352761900816605 0.000021459350721358672
 12301.537256082263 0. 3.031101086957896 0.00002157386381474317 0.000021683333450406307
 12314.513561204712 0. 3.031958572265887 0.000021800939939248154 0.000021913420197912423
 12327.489866327163 0. 3.0328254798171956 0.00002203426022242595 0.000022149889236303696
 12340.466171449612 0. 3.0337020745759937 0.00002227411208119958 0.00002239303686550518
 12353.442476572061 0. 3.034588633930833 0.00002252080132440773 0.00002264317893608071
 12366.418781694512 0. 3.0354854485520586 0.000022774654874331242 0.000022900652546094428
 12379.395086816961 0. 3.0363928232546926 0.000023036020846521416 0.000023165817900394584
 12392.37139193941 0. 3.0373110780196857 0.000023305272507425464 0.000023439060397788517
 12405.347697061861 0. 3.0382405490424866 0.000023582808895826008 0.0000237207929324436
 12418.32400218431 0. 3.039181589896287 0.000023869057655455874 0.000024011458463322774
 12431.30030730676 0. 3.040134572842726 0.000024164478689248855 0.000024311532895238494
 12444.27661242921 0. 3.0410998901972035 0.000024469565447924586 0.00002462152828033856
 12457.25291755166 0. 3.0420779559071915 0.000024784850224663696 0.00002494199643502315
 12470.229222674108 0. 3.0430692072288394 0.00002511090652723713 0.00002527353298733068
 12483.20552779656 0. 3.0440741066111086 0.00002544835420491992 0.000025616781951874023
 12496.181832919008 0. 3.0450931437546704 0.00002579786372754179 0.000025972440893178697
 12509.158138041457 0. 3.046126837932946 0.00002616016265814117 0.000026341266793155114
 12522.134443163908 0. 3.0471757405042843 0.00002653604030534742 0.000026724082698517895
 12535.110748286357 0. 3.0482404378009704 0.000026926357050495215 0.00002712178533535273
 12548.087053408806 0. 3.049321554253076 0.00002733205005105945 0.000027535353783472603
 12561.063358531257 0. 3.0504197559655792 0.000027754144436499645 0.00002796585946442238
 12574.039663653706 0. 3.051535754705093 0.00002819376335752625 0.000028414477637878487
 12587.015968776155 0. 3.0526703123726384 0.000028652139922027164 0.000028882500688544633
 12599.992273898606 0. 3.0538242460990053 0.000029130632525647586 0.000029371353569603
 12612.968579021055 0. 3.0549984339845406 0.000029630740668424575 0.00002988261179151198
 12625.944884143504 0. 3.056193821636282 0.000030154124556947858 0.000030418022488824417
 12638.921189265955 0. 3.057411429671741 0.00003070262888748117 0.000030979529221673885
 12651.897494388404 0. 3.058652362276694 0.000031278308723549256 0.000031569301277003896
 12664.873799510853 0. 3.0599178170791563 0.00003188346185622601 0.00003218976850223259
 12677.850104633304 0. 3.0612090965907286 0.00003252066733770696 0.00003284366294805877
 12690.826409755753 0. 3.0625276214883956 0.00003319283070393747 0.000033534068930012225
 12703.802714878202 0. 3.0638749461682036 0.000033903239829516154 0.00003426448362576454
 12716.779020000653 0. 3.0652527769804236 0.00003465563080608213 0.00003503889088699943
 12729.755325123102 0. 3.0666629938452403 0.00003545427105528417 0.00003586185187353907
 12742.731630245551 0. 3.0681076759643777 0.00003630405998732232 0.00003673861719008858
 12755.707935368002 0. 3.069589132628104 0.00003721065422399056 0.00003767526682921882
 12768.684240490451 0. 3.07110994043374 0.000038180625178219574 0.000038678886468442534
 12781.6605456129 0. 3.072672988636002 0.00003922165892021396 0.00003975779184344179
 12794.63685073535 0. 3.0742815348628256 0.00004034281091848619 0.00004092181746601588
 12807.6131558578 0. 3.075939274282285 0.00004155483662799787 0.00004218269271536749
 12820.589460980249 0. 3.0776504264093814 0.000042870625024131194 0.000043554538367643194
 12833.5657661027 0. 3.0794198453853725 0.00004430577548878413 0.00004505453196523624
 12846.542071225149 0. 3.0812531619651797 0.000045879377097977484 0.00004670381433384473
 12859.518376347598 0. 3.083156969123932 0.000047615080656957205 0.00004852874782891403
 12872.494681470049 0. 3.0851390689443527 0.0000495426048598625 0.00005056269993289212
 12885.470986592498 0. 3.087208807299434 0.00005169989408560069 0.00005284863257771512
 12898.447291714947 0. 3.089377538005317 0.00005413630060485824 0.00005544296615629395
 12911.423596837396 0. 3.091659283323008 0.00005691741065612239 0.00005842153278986833
 12924.399901959847 0. 3.094071703016096 0.000060132628738058355 0.00006188910000975502
 12937.376207082296 0. 3.0966375688703343 0.00006390760238323246 0.00006599530668096019
 12950.352512204745 0. 3.09938710977704 0.00006842562264925946 0.00007096282899018088
 12963.328817327196 0. 3.1023619523194674 0.00007396684799668988 0.00007714067999154233
