 0. 5.76E-10 3.084505587642854 0. 0.0001394134889862201
 0.02044716166766194 5.76E-10 3.084514382654473 0.00013944977742402494 0.0001394855770252906
 0.04089432333532388 5.76E-10 3.08452318223717 0.00013952185657284389 0.0001395577735312542
 0.06134148500298582 5.76E-10 3.0845319864018683 0.00013959410829009 0.00013963007880964337
 0.08178864667064777 5.76E-10 3.0845407951540293 0.00013966644598758862 0.00013970249312175668
 0.10223580833830971 5.76E-10 3.0845496085045743 0.0001397389562215036 0.00013977501677486358
 0.12268297000597164 5.76E-10 3.084558426458966 0.000139811552446398 0.00013984765003196295
 0.1431301316736336 5.76E-10 3.0845672490172036 0.00013988414804061672 0.00013992039311150226
 0.16357729334129553 5.76E-10 3.0845760762011323 0.0001399570893645321 0.00013999324641391503
 0.18402445500895748 5.76E-10 3.084584907999828 0.00014002985686374642 0.00014006621006861864
 0.20447161667661942 5.76E-10 3.084593744435139 0.00014010297013079267 0.0001401392844779036
 0.22491877834428137 5.76E-10 3.0846025855070627 0.00014017608274733432 0.00014021246986344656
 0.24536594001194328 5.76E-10 3.0846114312210617 0.00014024928133215286 0.00014028576649308325
 0.26581310167960526 5.76E-10 3.0846202815880583 0.0001403226524605415 0.00014035917468099423
 0.2862602633472672 5.76E-10 3.084629136613514 0.00014039610954678388 0.00014043269469673933
 0.30670742501492915 5.76E-10 3.084637996308351 0.00014046973917271395 0.00014050632685633834
 0.32715458668259106 5.76E-10 3.084646860672568 0.0001405433681490791 0.00014058007138537392
 0.347601748350253 5.76E-10 3.084655729722551 0.00014061725627280967 0.00014065392864733521
 0.36804891001791495 5.76E-10 3.084664603452838 0.00014069105716870895 0.00014072789882368253
 0.38849607168557687 5.76E-10 3.084673481879812 0.00014076511717312098 0.00014080198227969389
 0.40894323335323884 5.76E-10 3.084682365008935 0.00014083926313298575 0.0001408761792900644
 0.42939039502090076 5.76E-10 3.084691252851129 0.00014091358162159293 0.00014095049017624634
 0.44983755668856273 5.76E-10 3.084700145406394 0.00014098789945266748 0.00014102491516872597
 0.47028471835622465 5.76E-10 3.084709042685653 0.00014106238983748403 0.00014109945459070836
 0.49073188002388657 5.76E-10 3.084717944694368 0.0001411369661646336 0.00014117410872034142
 0.5111790416915485 5.76E-10 3.084726851437999 0.00014121162841165754 0.00014124887783658442
 0.5316262033592105 5.76E-10 3.08473576293293 0.00014128654976620615 0.00014132376231157652
 0.5520733650268724 5.76E-10 3.0847446791791615 0.00014136147048445275 0.0001413987623800562
 0.5725205266945343 5.76E-10 3.0847536001821543 0.0001414364771248463 0.00014147387832364705
 0.5929676883621963 5.76E-10 3.0847625259582925 0.00014151174287353057 0.00014154911051745658
 0.6134148500298583 5.76E-10 3.0847714565021134 0.00014158692136022853 0.00014162445915238657
 0.6338620116975202 5.76E-10 3.0847803918354644 0.00014166244556588936 0.00014169992465185266
 0.6543091733651821 5.76E-10 3.084789331952883 0.0001417378825141614 0.00014177550720842765
 0.674756335032844 5.76E-10 3.0847982768707536 0.0001418135785555404 0.0001418512072011602
 0.695203496700506 5.76E-10 3.0848072265890756 0.00014188927393736397 0.00014192702487071692
 0.715650658368168 5.76E-10 3.084816181124233 0.00014196522840783483 0.00014200296059821042
 0.7360978200358299 5.76E-10 3.0848251404762252 0.00014204118220875197 0.0001420790146260944
 0.7565449817034918 5.76E-10 3.0848341046559766 0.00014211730853731607 0.00014215518729089043
 0.7769921433711537 5.76E-10 3.084843073668945 0.0001421935207292753 0.0001422314788834261
 0.7974393050388158 5.76E-10 3.0848520475205947 0.0001422698188888793 0.00014230788969546586
 0.8178864667064777 5.76E-10 3.0848610262273093 0.000142346376119281 0.00014238442011327713
 0.8383336283741396 5.76E-10 3.0848700097890873 0.00014242293265900145 0.00014246107038378463
 0.8587807900418015 5.76E-10 3.084878998216853 0.00014249966171679763 0.0001425378408484746
 0.8792279517094634 5.76E-10 3.0848879915160663 0.0001425764766648701 0.0001426147318029337
 0.8996751133771255 5.76E-10 3.08489698969765 0.0001426534641059034 0.00014269174359068723
 0.9201222750447874 5.76E-10 3.084905992767065 0.00014273053744076055 0.00014276887650928037
 0.9405694367124493 5.76E-10 3.0849150007297736 0.00014280769670327304 0.00014284613085718858
 0.9610165983801112 5.76E-10 3.0849240135966975 0.00014288502843199874 0.00014292350698094276
 0.9814637600477731 5.76E-10 3.0849330313732986 0.00014296244607079494 0.0001430010051809923
 1.0019109217154352 5.76E-10 3.084942054065038 0.00014303994961124586 0.00014307862575869978
 1.022358083383097 5.76E-10 3.0849510816882986 0.00014311771218663928 0.00014315636911095748
 1.042805245050759 5.76E-10 3.0849601142430814 0.00014319547409937376 0.00014323423549393282
 1.063252406718421 5.76E-10 3.0849691517457694 0.00014327349504955847 0.00014331222530672904
 1.0836995683860828 5.76E-10 3.0849781941909025 0.00014335142875341483 0.00014339033875997718
 1.1041467300537449 5.76E-10 3.0849872416003254 0.00014342970807838 0.00014346857630236616
 1.124593891721407 5.76E-10 3.0849962939685764 0.00014350790012633964 0.00014354693814634553
 1.1450410533890687 5.76E-10 3.0850053513174998 0.00014358643778331073 0.00014362542474293666
 1.1654882150567307 5.76E-10 3.085014413641636 0.0001436648882029943 0.00014370403630661438
 1.1859353767243925 5.76E-10 3.085023480957368 0.00014374359763315997 0.00014378277324276015
 1.2063825383920546 5.76E-10 3.085032553275618 0.00014382247954053382 0.0001438616359108196
 1.2268297000597166 5.76E-10 3.0850416305909256 0.00014390127416496356 0.0001439406245278317
 1.2472768617273784 5.76E-10 3.0850507129251357 0.00014398041440722185 0.00014401973955067735
 1.2677240233950404 5.76E-10 3.0850598002782474 0.00014405955393531993 0.00014409898124619866
 1.2881711850627022 5.76E-10 3.085068892661184 0.00014413886591917448 0.0001441783499779216
 1.3086183467303643 5.76E-10 3.085077990079405 0.00014421826376443078 0.00014425784606254688
 1.3290655083980263 5.76E-10 3.0850870925492972 0.0001442979206600814 0.00014433746991388623
 1.349512670065688 5.76E-10 3.085096200065398 0.0001443774902651485 0.00014441722175471475
 1.3699598317333501 5.76E-10 3.0851053126495525 0.0001444574054586636 0.00014449710204917244
 1.390406993401012 5.76E-10 3.0851144303017604 0.00014453731994290607 0.00014457711107018436
 1.410854155068674 5.76E-10 3.0851235530274828 0.0001446173202870237 0.00014465724913972726
 1.431301316736336 5.76E-10 3.0851326808485644 0.00014469766621152247 0.00014473751672571986
 1.4517484784039978 5.76E-10 3.0851418137540843 0.0001447778382977762 0.0001448179140075533
 1.4721956400716598 5.76E-10 3.085150951771347 0.00014485844251473212 0.000144898441503875
 1.4926428017393216 5.76E-10 3.085160094894893 0.00014493895945988787 0.0001449790994444262
 1.5130899634069837 5.76E-10 3.0851692431356437 0.00014501964882455759 0.00014505988820508702
 1.5335371250746457 5.76E-10 3.0851783965099817 0.00014510059716725158 0.00014514080821152048
 1.5539842867423075 5.76E-10 3.0851875550179098 0.00014518154483054925 0.00014522185974504025
 1.5744314484099695 5.76E-10 3.0851967186703493 0.00014526266489974128 0.00014530304318507718
 1.5948786100776315 5.76E-10 3.0852058874727617 0.00014534387081922593 0.0001453843588636235
 1.6153257717452933 5.76E-10 3.085215061441529 0.00014542533570039361 0.0001454658072112193
 1.6357729334129554 5.76E-10 3.0852242405766526 0.00014550679987481834 0.00014554738851345358
 1.6562200950806172 5.76E-10 3.0852334248890556 0.00014558843647500532 0.00014562910315450004
 1.6766672567482792 5.76E-10 3.0852426143896605 0.00014567024548441042 0.0001457109515197905
 1.6971144184159412 5.76E-10 3.085251809083928 0.0001457521403205484 0.00014579293394704994
 1.717561580083603 5.76E-10 3.0852610089827794 0.00014583420755470117 0.00014587505082411313
 1.738008741751265 5.76E-10 3.0852702140916777 0.00014591636064009264 0.00014595730249102466
 1.7584559034189269 5.76E-10 3.085279424421545 0.0001459986861263657 0.00014603968933803505
 1.778903065086589 5.76E-10 3.0852886399833044 0.00014608118402512204 0.00014612221175670497
 1.799350226754251 5.76E-10 3.085297860782416 0.00014616376773403663 0.00014620487009062665
 1.8197973884219127 5.76E-10 3.0853070868243413 0.0001462464372657406 0.00014628766468450472
 1.8402445500895748 5.76E-10 3.085316318125465 0.00014632936578224087 0.00014637059598285264
 1.8606917117572366 5.76E-10 3.0853255546857863 0.00014641229354616546 0.00014645366428348478
 1.8811388734248986 5.76E-10 3.085334796521689 0.00014649548026201027 0.00014653687003349163
 1.9015860350925606 5.76E-10 3.0853440436386346 0.00014657875279954155 0.00014662021358247715
 1.9220331967602224 5.76E-10 3.0853532960475456 0.0001466621977274334 0.000146703695330735
 1.9424803584278845 5.76E-10 3.0853625537538836 0.00014674572847331533 0.00014678731563028935
 1.9629275200955463 5.76E-10 3.0853718167631086 0.00014682934501460758 0.00014687107483426568
 1.9833746817632083 5.76E-10 3.085381085091606 0.0001469132205307887 0.0001469549733964113
 2.0038218434308703 5.76E-10 3.085390358750297 0.000146997268392906 0.0001470390117222218
 2.024269005098532 5.76E-10 3.0853996377391826 0.0001470813155241392 0.00014712319011892975
 2.044716166766194 5.76E-10 3.085408922069185 0.00014716553501896825 0.00014720750899445282
 2.065163328433856 5.76E-10 3.085418211751228 0.00014724992689599804 0.00014729196875809156
 2.085610490101518 5.76E-10 3.08542750679623 0.0001473344910893597 0.00014737656982048407
 2.10605765176918 5.76E-10 3.0854368072096565 0.0001474191411413716 0.00014746131254366628
 2.126504813436842 5.76E-10 3.0854461130024293 0.00014750396354769291 0.00014754619734091789
 2.146951975104504 5.76E-10 3.085455424185471 0.00014758895831283898 0.00014763122462690763
 2.1673991367721657 5.76E-10 3.0854647407587783 0.00014767395226507332 0.000147716394717261
 2.187846298439828 5.76E-10 3.0854740627442 0.00014775929175540973 0.0001478017081296903
 2.2082934601074897 5.76E-10 3.0854833901417353 0.00014784463045697496 0.00014788716518244043
 2.2287406217751515 5.76E-10 3.0854927229677673 0.0001479302280679944 0.00014797276634586864
 2.249187783442814 5.76E-10 3.0855020612222956 0.00014801582489404094 0.00014805851194066652
 2.2696349451104756 5.76E-10 3.085511404921705 0.0001481016806458437 0.00014814440244000413
 2.2900821067781374 5.76E-10 3.085520754071457 0.0001481876221889389 0.0001482304382176129
 2.310529268445799 5.76E-10 3.0855301086824736 0.0001482737360588479 0.00014831661969903252
 2.3309764301134615 5.76E-10 3.085539468765676 0.00014836002225302285 0.00014840294731124635
 2.3514235917811233 5.76E-10 3.0855488343265276 0.00014844639426057503 0.00014848942143201013
 2.371870753448785 5.76E-10 3.0855582053759507 0.00014853293859511503 0.0001485760424910635
 2.3923179151164473 5.76E-10 3.085567581924866 0.00014861965523297005 0.00014866281091959927
 2.412765076784109 5.76E-10 3.085576963978737 0.00014870645768514813 0.00014874972709943578
 2.433212238451771 5.76E-10 3.0855863515539466 0.0001487935190069454 0.00014883679151564473
 2.453659400119433 5.76E-10 3.085595744650495 0.0001488805795399366 0.0001489240045015863
 2.474106561787095 5.76E-10 3.085605143284764 0.000148967898923601 0.00014901136654524292
 2.494553723454757 5.76E-10 3.085614547462218 0.00014905530411316644 0.00014909887803399635
 2.5150008851224186 5.76E-10 3.0856239571992385 0.0001491429681618124 0.000149186539458801
 2.535448046790081 5.76E-10 3.0856333724958267 0.0001492306314142643 0.00014927435115869587
 2.5558952084577427 5.76E-10 3.085642793368366 0.00014931855354202237 0.00014936231362762026
 2.5763423701254045 5.76E-10 3.0856522198223177 0.00014940656141794744 0.00014945042725858339
 2.5967895317930667 5.76E-10 3.0856616518740667 0.00014949482818460042 0.0001495386925487127
 2.6172366934607285 5.76E-10 3.0856710895236104 0.000149583094098362 0.00014962710984248566
 2.6376838551283903 5.76E-10 3.0856805327873347 0.00014967161891201594 0.00014971567964006273
 2.6581310167960526 5.76E-10 3.0856899816707 0.00014976022945829452 0.00014980440234020517
 2.6785781784637144 5.76E-10 3.0856994361900907 0.00014984909886355373 0.00014989327844627172
 2.699025340131376 5.76E-10 3.0857088963455057 0.00014993796744364952 0.00014998230830833806
 2.7194725017990384 5.76E-10 3.085718362153331 0.00015002709490594498 0.0001500714924328652
 2.7399196634667002 5.76E-10 3.0857278336244858 0.00015011639461675786 0.0001501608312762561
 2.760366825134362 5.76E-10 3.0857373107644346 0.0001502057801056162 0.00015025032524469933
 2.780813986802024 5.76E-10 3.0857467935895593 0.00015029542441174676 0.00015033997484954382
 2.801261148469686 5.76E-10 3.0857562820998603 0.00015038506789720403 0.00015042978044803212
 2.821708310137348 5.76E-10 3.0857657763117214 0.00015047497022312376 0.0001505197425546792
 2.8421554718050097 5.76E-10 3.0857752762360664 0.00015056504484863662 0.00015060986163374605
 2.862602633472672 5.76E-10 3.085784781878355 0.00015065520517085524 0.00015070013809892902
 2.8830497951403338 5.76E-10 3.0857942932549696 0.00015074562431079388 0.0001507905724697645
 2.9034969568079956 5.76E-10 3.0858038103659142 0.00015083604266967718 0.0001508811651108575
 2.923944118475658 5.76E-10 3.0858133332330304 0.00015092680635629132 0.00015097191659727192
 2.9443912801433196 5.76E-10 3.0858228618563195 0.00015101756922245968 0.00015106282729664703
 2.9648384418109814 5.76E-10 3.085832396252166 0.00015110859092370307 0.00015115389773517028
 2.9852856034786432 5.76E-10 3.0858419364260308 0.0001511996983223332 0.00015124512833587022
 3.0057327651463055 5.76E-10 3.0858514823942955 0.0001512910645079905 0.00015133651962836973
 3.0261799268139673 5.76E-10 3.085861034162425 0.00015138251644962342 0.0001514280720389673
 3.046627088481629 5.76E-10 3.0858705917413394 0.00015147414061682303 0.00015151978604805629
 3.0670742501492914 5.76E-10 3.085880155141961 0.00015156593702805158 0.00015161166213773368
 3.087521411816953 5.76E-10 3.0858897243752144 0.00015165790572288214 0.00015170370079182818
 3.107968573484615 5.76E-10 3.085899299452021 0.0001517500466493884 0.00015179590249584732
 3.128415735152277 5.76E-10 3.0859088803778403 0.00015184227324331487 0.0001518882676840467
 3.148862896819939 5.76E-10 3.085918467169059 0.00015193475867498714 0.00015198079689823706
 3.169310058487601 5.76E-10 3.0859280598365992 0.00015202741634441524 0.00015207349062910054
 3.189757220155263 5.76E-10 3.0859376583804585 0.0001521200731062398 0.00015216634926276145
 3.210204381822925 5.76E-10 3.0859472628224838 0.00015221307523719975 0.00015225937339942802
 3.2306515434905867 5.76E-10 3.0859568731735973 0.0001523062495978908 0.00015235256353501913
 3.2510987051582485 5.76E-10 3.0859664894338 0.00015239942310086432 0.00015244592006059116
 3.2715458668259108 5.76E-10 3.085976111624936 0.00015249294191404823 0.00015253944358198057
 3.2919930284935726 5.76E-10 3.0859857397524655 0.00015258654638947044 0.00015263313454696341
 3.3124401901612344 5.76E-10 3.085995373821851 0.0001526802365536715 0.00015272699340488274
 3.3328873518288966 5.76E-10 3.086005013854939 0.00015277427206765787 0.00015282102076732772
 3.3533345134965584 5.76E-10 3.0860146598517257 0.00015286830662871674 0.00015291521703361297
 3.3737816751642202 5.76E-10 3.086024311828599 0.00015296260002399002 0.0001530095827655242
 3.3942288368318825 5.76E-10 3.0860339697964787 0.00015305706558603718 0.00015310411847309656
 3.4146759984995443 5.76E-10 3.0860436337662875 0.00015315170336141623 0.00015319882466822176
 3.435123160167206 5.76E-10 3.0860533037489493 0.00015324651336149223 0.000153293701864625
 3.455570321834868 5.76E-10 3.0860629797553853 0.0001533414955483626 0.00015338875057786786
 3.47601748350253 5.76E-10 3.0860726617910585 0.0001534365634115723 0.00015348397127136782
 3.496464645170192 5.76E-10 3.0860823498723504 0.00015353188998553367 0.0001535793645182734
 3.5169118068378538 5.76E-10 3.0860920440101856 0.00015362738878739305 0.00015367493083974742
 3.537358968505516 5.76E-10 3.0861017442100245 0.0001537229732230476 0.00015377067070460832
 3.557806130173178 5.76E-10 3.086111450493712 0.00015381890293748762 0.000153866584746121
 3.5782532918408396 5.76E-10 3.086121162861248 0.00015391483174545702 0.00015396267338261088
 3.598700453508502 5.76E-10 3.086130881329017 0.00015401101929843298 0.00015405893719700885
 3.6191476151761637 5.76E-10 3.0861406059079406 0.0001541073790093375 0.00015415537672008506
 3.6395947768438255 5.76E-10 3.086150336608942 0.0001542039109176524 0.00015425199248410241
 3.6600419385114877 5.76E-10 3.0861600734429433 0.0001543006149924801 0.00015434878502368292
 3.6804891001791495 5.76E-10 3.0861698164263287 0.00015439757779238674 0.00015444575492991507
 3.7009362618468113 5.76E-10 3.0861795655590982 0.0001544945396726202 0.00015454290263191897
 3.721383423514473 5.76E-10 3.086189320857635 0.00015459176025861952 0.00015464022872461094
 3.7418305851821354 5.76E-10 3.086199082338324 0.00015468923956060555 0.00015473773380515806
 3.762277746849797 5.76E-10 3.0862088500066243 0.00015478680446131133 0.0001548354183630913
 3.782724908517459 5.76E-10 3.0862186238734615 0.00015488454156123725 0.00015493328294469686
 3.8031720701851213 5.76E-10 3.0862284039552175 0.00015498253733283772 0.00015503132815327677
 3.823619231852783 5.76E-10 3.086238190262814 0.00015508070524802818 0.0001551295545392823
 3.844066393520445 5.76E-10 3.0862479828017153 0.0001551789588082402 0.0001552279626000237
 3.864513555188107 5.76E-10 3.086257781588301 0.00015527747100282 0.00015532655294501452
 3.884960716855769 5.76E-10 3.086267586638959 0.0001553762419475181 0.00015542532618616575
 3.9054078785234307 5.76E-10 3.086277397953687 0.00015547501190724304 0.00015552428277143413
 3.9258550401910925 5.76E-10 3.0862872155488685 0.00015557404055548086 0.0001556234233167205
 3.946302201858755 5.76E-10 3.0862970394408893 0.00015567332790240946 0.0001557227484402516
 3.9667493635264166 5.76E-10 3.0863068696406697 0.00015577278735146583 0.00015582225870698242
 3.9871965251940784 5.76E-10 3.0863167061536725 0.00015587233241301857 0.00015592195462830818
 4.007643686861741 5.76E-10 3.0863265489962797 0.0001559721361147645 0.00015602183682889383
 4.028090848529403 5.76E-10 3.086336398179417 0.00015607211199466207 0.00015612190588001006
 4.048538010197064 5.76E-10 3.0863462537140034 0.00015617225993026519 0.0001562221623549785
 4.0689851718647265 5.76E-10 3.0863561156109642 0.000156272580038387 0.00015632260682932155
 4.089432333532388 5.76E-10 3.0863659838866817 0.00015637315877350472 0.00015642323993663603
 4.10987949520005 5.76E-10 3.086375858552078 0.00015647390961836725 0.00015652406225688767
 4.130326656867712 5.76E-10 3.086385739618078 0.00015657483259829295 0.00015662507437221338
 4.150773818535374 5.76E-10 3.08639562709014 0.00015667584111323882 0.00015672627681066805
 4.171220980203036 5.76E-10 3.0864055209901102 0.0001567771948256083 0.00015682767027107056
 4.191668141870698 5.76E-10 3.0864154213289114 0.00015687872063555066 0.00015692925534227653
 4.21211530353836 5.76E-10 3.086425328117467 0.00015698041856133176 0.00015703103261534653
 4.232562465206022 5.76E-10 3.0864352413612366 0.00015708220201104107 0.00015713300262702696
 4.253009626873684 5.76E-10 3.086445161082067 0.00015718433066484746 0.00015723516608572626
 4.2734567885413455 5.76E-10 3.086455087290878 0.0001572866313547335 0.0001573375235893249
 4.293903950209008 5.76E-10 3.0864650199931343 0.00015738901765145974 0.00015744007568131824
 4.31435111187667 5.76E-10 3.0864749592052174 0.00015749166253214162 0.00015754282302064091
 4.334798273544331 5.76E-10 3.0864849049435112 0.00015759456602798232 0.00015764576626880764
 4.355245435211994 5.76E-10 3.0864948572134785 0.00015769755508687609 0.0001577489059760664
 4.375692596879656 5.76E-10 3.0865048160315003 0.00015780080271240388 0.0001578522428085993
 4.396139758547317 5.76E-10 3.086514781408502 0.00015790422245447351 0.00015795577737816663
 4.4165869202149795 5.76E-10 3.0865247533608655 0.00015800790076305645 0.00015805951035591332
 4.437034081882642 5.76E-10 3.0865347318995155 0.00015811175117453572 0.00015816344235843535
 4.457481243550303 5.76E-10 3.086544717035372 0.00015821577360157962 0.00015826757400459976
 4.477928405217965 5.76E-10 3.0865547087793592 0.00015831996811869678 0.00015837190591567663
 4.498375566885628 5.76E-10 3.08656470714786 0.0001584244212028713 0.0001584764387726559
 4.518822728553289 5.76E-10 3.0865747121517977 0.0001585290463564036 0.00015858117320172814
 4.539269890220951 5.76E-10 3.086584723802093 0.00015863384352713062 0.00015868610983142998
 4.5597170518886125 5.76E-10 3.0865947421151323 0.0001587388993108053 0.00015879124935035024
 4.580164213556275 5.76E-10 3.086604767107297 0.0001588442136400607 0.000158896592449741
 4.600611375223937 5.76E-10 3.086614798784051 0.00015894961350463693 0.00015900213970803523
 4.621058536891598 5.76E-10 3.086624837156314 0.000159055185373898 0.00015910789176361103
 4.641505698559261 5.76E-10 3.086634882245934 0.00015916110237666547 0.000159213849373171
 4.661952860226923 5.76E-10 3.0866449340638304 0.00015926719135546196 0.00015932001318041212
 4.682400021894584 5.76E-10 3.086654992620929 0.00015937345241289792 0.0001594263838315567
 4.7028471835622465 5.76E-10 3.086665057928149 0.0001594798854475236 0.00015953296197538286
 4.723294345229909 5.76E-10 3.0866751300073383 0.00015958666359996044 0.00015963974837920214
 4.74374150689757 5.76E-10 3.0866852088584955 0.00015969344068454748 0.00015974674358065646
 4.764188668565232 5.76E-10 3.0866952945089268 0.00015980064937021554 0.00015985394841101192
 4.784635830232895 5.76E-10 3.086705386958632 0.00015990785700351604 0.00015996136341273176
 4.805082991900556 5.76E-10 3.0867154862294575 0.0001600154097185938 0.00016006898936431438
 4.825530153568218 5.76E-10 3.0867255923323245 0.0001601231344187379 0.00016017682693019057
 4.8459773152358805 5.76E-10 3.0867357052836164 0.00016023111763940057 0.00016028487683603492
 4.866424476903542 5.76E-10 3.0867458250942588 0.00016033927290166235 0.00016039313975169618
 4.886871638571204 5.76E-10 3.0867559517751704 0.0001604476000970019 0.0001605016163495358
 4.907318800238866 5.76E-10 3.086766085342737 0.00016055618584444228 0.00016061030736348218
 4.927765961906528 5.76E-10 3.0867762258133418 0.00016066503008357183 0.00016071921353035516
 4.94821312357419 5.76E-10 3.086786373197908 0.00016077404632954982 0.00016082833553087553
 4.968660285241852 5.76E-10 3.086796527507358 0.00016088323453716387 0.00016093767404839573
 4.989107446909514 5.76E-10 3.0868066887580747 0.0001609926812468836 0.00016104722982812888
 5.009554608577176 5.76E-10 3.086816856966442 0.00016110238644753024 0.00016115700361828226
 5.030001770244837 5.76E-10 3.0868270321433844 0.00016121226364834454 0.00016126699611070485
 5.050448931912499 5.76E-10 3.086837214299822 0.00016132231277595296 0.00016137720799990962
 5.070896093580162 5.76E-10 3.0868474034576003 0.00016143270692606717 0.00016148764010217903
 5.091343255247823 5.76E-10 3.086857599622182 0.0001615431865235409 0.0001615982930583791
 5.111790416915485 5.76E-10 3.08686780281541 0.00016165401110029327 0.00016170916769078702
 5.1322375785831476 5.76E-10 3.0868780130427482 0.00016176492113916888 0.00016182026464585655
 5.152684740250809 5.76E-10 3.086888230326039 0.00016187617613518362 0.00016193158475193324
 5.173131901918471 5.76E-10 3.0868984546762075 0.0001619876031067496 0.0001620431287210155
 5.193579063586133 5.76E-10 3.0869086861096355 0.00016209928852107446 0.00016215489732783846
 5.214026225253795 5.76E-10 3.0869189246372453 0.00016221114586178106 0.00016226689129023586
 5.234473386921457 5.76E-10 3.086929170275423 0.00016232326170103177 0.0001623791113890286
 5.254920548589119 5.76E-10 3.086939423035089 0.00016243554942451164 0.00016249155834793287
 5.275367710256781 5.76E-10 3.0869496829380894 0.00016254818215029804 0.00016260423301417689
 5.295814871924443 5.76E-10 3.0869599499898843 0.00016266090024846165 0.0001627171360573165
 5.316262033592105 5.76E-10 3.0869702242123207 0.0001627739633407784 0.00016283026833091406
 5.3367091952597665 5.76E-10 3.086980505616319 0.00016288719831652657 0.0001629436305709381
 5.357156356927429 5.76E-10 3.0869907942182646 0.00016300069174611347 0.0001630572235769587
 5.377603518595091 5.76E-10 3.0870010900345406 0.00016311444359715633 0.00016317104815176866
 5.398050680262752 5.76E-10 3.087011393070608 0.0001632282808251193 0.00016328510497988394
 5.418497841930415 5.76E-10 3.087021703353775 0.00016334254954266392 0.00016339939499194323
 5.438945003598077 5.76E-10 3.0870320208894992 0.00016345690358756203 0.00016351391887871124
 5.459392165265738 5.76E-10 3.087042345694168 0.00016357151608788212 0.0001636286774557519
 5.4798393269334005 5.76E-10 3.0870526777896248 0.00016368647350557857 0.00016374367160303528
 5.500286488601062 5.76E-10 3.0870630171813302 0.00016380151626856873 0.000163858902020657
 5.520733650268724 5.76E-10 3.0870733638911316 0.0001639169039899202 0.0001639743695952886
 5.541180811936386 5.76E-10 3.0870837179299486 0.00016403246354352395 0.00016409007509455398
 5.561627973604048 5.76E-10 3.0870940793141672 0.00016414828152498616 0.00016420601935066315
 5.58207513527171 5.76E-10 3.087104448060171 0.00016426435788779745 0.00016432220319924145
 5.602522296939372 5.76E-10 3.087114824184342 0.0001643806926135846 0.00016443862747933172
 5.622969458607034 5.76E-10 3.087125207697604 0.00016449719921977582 0.00016455529297179769
 5.643416620274696 5.76E-10 3.087135598621803 0.00016461405073655322 0.00016467220058420326
 5.663863781942358 5.76E-10 3.0871459969623993 0.00016473098756357652 0.0001647893510423422
 5.684310943610019 5.76E-10 3.087156402746698 0.00016484835578429188 0.00016490674532265026
 5.704758105277682 5.76E-10 3.087166815980162 0.0001649658093570071 0.0001650243841576909
 5.725205266945344 5.76E-10 3.087177236679175 0.00016508352128961258 0.0001651422684072731
 5.745652428613005 5.76E-10 3.0871876648710432 0.00016520166460818193 0.00016526039905871505
 5.7660995902806675 5.76E-10 3.0871981005557667 0.00016531980672792904 0.00016537877679265642
 5.78654675194833 5.76E-10 3.0872085437606502 0.00016543838020353653 0.00016549740260402484
 5.806993913615991 5.76E-10 3.0872189944911583 0.00016555703904132935 0.00016561627724229175
 5.827441075283653 5.76E-10 3.0872294527745936 0.00016567612918990727 0.00016573540170997661
 5.847888236951316 5.76E-10 3.08723991862188 0.00016579539118222091 0.0001658547768261557
 5.868335398618977 5.76E-10 3.0872503920439427 0.0001659148250220965 0.00016597440341324765
 5.888782560286639 5.76E-10 3.0872608730626228 0.00016603460364821742 0.00016609428242259344
 5.9092297219543015 5.76E-10 3.087271361688844 0.00016615455409963812 0.00016621441468388557
 5.929676883621963 5.76E-10 3.087281857949914 0.00016627493591436448 0.00016633480121914403
 5.950124045289625 5.76E-10 3.087292361845832 0.00016639531648556313 0.00016645544273953162
 5.9705712069572865 5.76E-10 3.087302873409365 0.00016651621489831707 0.00016657634033786497
 5.991018368624949 5.76E-10 3.0873133926459753 0.00016663719860382395 0.0001666974947956522
 6.011465530292611 5.76E-10 3.087323919572045 0.00016675844058762758 0.00016681890702416135
 6.031912691960272 5.76E-10 3.0873344542094205 0.0001668800273880532 0.00016694057800195896
 6.052359853627935 5.76E-10 3.0873449965690254 0.00016700178599194762 0.00016706250858483873
 6.072807015295597 5.76E-10 3.0873555466727023 0.00016712388935374986 0.00016718469975929214
 6.093254176963258 5.76E-10 3.087366104531375 0.00016724616450368356 0.0001673071523887488
 6.1137013386309205 5.76E-10 3.0873766701668894 0.0001673687844583071 0.00016742986746777404
 6.134148500298583 5.76E-10 3.087387243590166 0.00016749157613645644 0.0001675528458674984
 6.154595661966244 5.76E-10 3.087397824823051 0.00016761471261680726 0.00016767608859061972
 6.175042823633906 5.76E-10 3.0874084138819295 0.0001677381073811539 0.0001677995965801528
 6.195489985301569 5.76E-10 3.0874190107831825 0.00016786176035466692 0.0001679233707831036
 6.21593714696923 5.76E-10 3.0874296155431953 0.00016798567161023897 0.0001680474121505772
 6.236384308636892 5.76E-10 3.0874402281783513 0.00016810984110820107 0.00016817172163773405
 6.256831470304554 5.76E-10 3.087450848705036 0.00016823426887922424 0.00016829630020384872
 6.277278631972216 5.76E-10 3.0874614771450926 0.00016835904136654707 0.00016842114887678092
 6.297725793639878 5.76E-10 3.087472113509443 0.00016848398557811452 0.00016854626855972895
 6.31817295530754 5.76E-10 3.087482757814474 0.0001686091880562313 0.00016867166022440717
 6.338620116975202 5.76E-10 3.087493410082027 0.00016873473522211935 0.0001687973249114234
 6.359067278642864 5.76E-10 3.0875040703339494 0.000168860627154464 0.00016892326366603038
 6.379514440310526 5.76E-10 3.0875147385757016 0.0001689866042695838 0.0001690494773431769
 6.3999616019781875 5.76E-10 3.0875254148345914 0.00016911301263756597 0.00016917596706155847
 6.42040876364585 5.76E-10 3.087536099121539 0.00016923959266827886 0.0001693027337494236
 6.440855925313511 5.76E-10 3.0875467914583905 0.00016936651742493718 0.00016942977846947
 6.461303086981173 5.76E-10 3.08755749186153 0.00016949370038636818 0.00016955710222375068
 6.481750248648836 5.76E-10 3.0875682003528033 0.000169621228056065 0.00016968470608412012
 6.502197410316497 5.76E-10 3.0875789169431314 0.00016974892738456498 0.00016981259099611645
 6.522644571984159 5.76E-10 3.0875896416488975 0.0001698768848900164 0.00016994075797492945
 6.5430917336518215 5.76E-10 3.08760037449741 0.00017000527361733282 0.00017006920817163058
 6.563538895319483 5.76E-10 3.0876111154995907 0.000170133833996691 0.00017019794254506483
 6.583986056987145 5.76E-10 3.0876218646772844 0.00017026273905188625 0.00017032696218997656
 6.604433218654807 5.76E-10 3.087632622046874 0.00017039190225675928 0.00017045626813999833
 6.624880380322469 5.76E-10 3.087643387624745 0.00017052132364185401 0.0001705858614333252
 6.645327541990131 5.76E-10 3.087654161432743 0.0001706510896941319 0.00017071574317888662
 6.665774703657793 5.76E-10 3.0876649434872494 0.00017078111386721191 0.00017084591442426199
 6.686221865325455 5.76E-10 3.0876757338046485 0.00017091139618458185 0.00017097637622184037
 6.706669026993117 5.76E-10 3.0876865324067864 0.0001710420231604118 0.00017110712969464338
 6.727116188660779 5.76E-10 3.0876973393100475 0.0001711729082843734 0.00017123817590464801
 6.7475633503284405 5.76E-10 3.0877081545362732 0.00017130413797857407 0.00017136951598499276
 6.768010511996103 5.76E-10 3.0877189781018517 0.00017143562586692087 0.0001715011510072408
 6.788457673663765 5.76E-10 3.087729810023165 0.00017156737184625148 0.00017163308204764141
 6.808904835331426 5.76E-10 3.087740650322058 0.0001716994624432519 0.0001717653102541954
 6.829351996999089 5.76E-10 3.0877514990203765 0.00017183189765200728 0.00017189783678010895
 6.849799158666751 5.76E-10 3.087762356129041 0.00017196450444022154 0.0001720306626494586
 6.870246320334412 5.76E-10 3.0877732216753606 0.00017209754236765924 0.00017216378909262203
 6.890693482002074 5.76E-10 3.087784095670256 0.00017223075185777777 0.00017229721714352004
 6.911140643669736 5.76E-10 3.087794978141034 0.00017236439245443328 0.00017243094804302237
 6.931587805337398 5.76E-10 3.087805869098618 0.00017249820463212972 0.00017256498283501934
 6.95203496700506 5.76E-10 3.0878167685703124 0.00017263244786957526 0.0001726993227709774
 6.972482128672722 5.76E-10 3.0878276765725023 0.0001727669491931293 0.00017283396897264887
 6.992929290340384 5.76E-10 3.087838593121571 0.0001729017085769277 0.0001729689225668116
 7.013376452008046 5.76E-10 3.087849518239364 0.0001730368125304634 0.00017310418475327706
 7.0338236136757075 5.76E-10 3.0878604519477273 0.00017317226104773484 0.0001732397567373745
 7.05427077534337 5.76E-10 3.0878713942630425 0.00017330796758797989 0.00017337563966173802
 7.074717937011032 5.76E-10 3.0878823452071553 0.00017344401868084943 0.00017351183474248715
 7.095165098678693 5.76E-10 3.087893304801912 0.00017358041432734842 0.00017364834320132046
 7.115612260346356 5.76E-10 3.0879042730582342 0.0001737169815030126 0.00017378516612858916
 7.136059422014018 5.76E-10 3.0879152500088893 0.0001738540661906412 0.00017392230489382646
 7.156506583681679 5.76E-10 3.087926235664801 0.00017399132242469536 0.0001740597605983409
 7.1769537453493415 5.76E-10 3.0879372300478125 0.00017412892314781647 0.00017419753448588896
 7.197400907017004 5.76E-10 3.08794823317977 0.0001742668683961321 0.00017433562780603884
 7.217848068684665 5.76E-10 3.0879592450770574 0.00017440507165236794 0.00017447404174510632
 7.238295230352327 5.76E-10 3.0879702657669803 0.0001745437058912296 0.00017461277763304234
 7.25874239201999 5.76E-10 3.0879812952659234 0.00017468259814050084 0.0001747518366676761
 7.279189553687651 5.76E-10 3.0879923335957313 0.00017482183487040311 0.00017489122012160122
 7.299636715355313 5.76E-10 3.088003380772788 0.00017496132958596047 0.0001750309292039203
 7.3200838770229755 5.76E-10 3.0880144368243996 0.00017510125526640598 0.00017517096526836097
 7.340531038690637 5.76E-10 3.08802550176695 0.00017524143892085607 0.00017531132953577238
 7.360978200358299 5.76E-10 3.0880365756222834 0.00017538196703232721 0.0001754520233023737
 7.3814253620259604 5.76E-10 3.0880476584067846 0.00017552275311407816 0.00017559304780060517
 7.401872523693623 5.76E-10 3.0880587501532215 0.00017566405663716676 0.0001757344044784815
 7.422319685361285 5.76E-10 3.088069850872517 0.00017580553162384996 0.0001758760945107299
 7.442766847028946 5.76E-10 3.0880809605919746 0.0001759474375023466 0.00017601811928791018
 7.463214008696609 5.76E-10 3.0880920793225193 0.00017608951486236134 0.0001761604799964041
 7.483661170364271 5.76E-10 3.08810320710238 0.0001762321961234538 0.00017630317817997644
 7.504108332031932 5.76E-10 3.088114343937017 0.00017637496231896887 0.00017644621496690932
 7.524555493699594 5.76E-10 3.088125489853737 0.00017651815941630654 0.00017658959177300107
 7.545002655367257 5.76E-10 3.088136644879846 0.00017666178741501621 0.00017673331002084931
 7.565449817034918 5.76E-10 3.0881478090262675 0.00017680558684612734 0.0001768773709275751
 7.58589697870258 5.76E-10 3.088158982325768 0.00017694990362982212 0.0001770217759991229
 7.6063441403702425 5.76E-10 3.0881701647892705 0.00017709439184167812 0.0001771665264650966
 7.626791302037904 5.76E-10 3.0881813564495433 0.00017723939741342299 0.00017731162384525647
 7.647238463705566 5.76E-10 3.088192557322969 0.0001773846608574471 0.00017745706945295582
 7.667685625373228 5.76E-10 3.0882037674313927 0.0001775302686730538 0.00017760286467910264
 7.68813278704089 5.76E-10 3.0882149867966597 0.00017767622085393598 0.00017774901092126386
 7.708579948708552 5.76E-10 3.0882262154406157 0.00017782251740080913 0.00017789550958370847
 7.729027110376214 5.76E-10 3.088237453390566 0.0001779692447685525 0.00017804236214913026
 7.749474272043876 5.76E-10 3.0882487006628954 0.00017811623001371923 0.00017818956996379552
 7.769921433711538 5.76E-10 3.0882599572849085 0.00017826364605237442 0.0001783371345241966
 7.7903685953792 5.76E-10 3.088271223278453 0.00017841140645883294 0.00017848505726212677
 7.8108157570468615 5.76E-10 3.088282498665372 0.00017855951117046239 0.00017863333961623396
 7.831262918714524 5.76E-10 3.088293783467512 0.00017870796020901306 0.0001787819830321151
 7.851710080382185 5.76E-10 3.0883050777067163 0.00017885675353996323 0.0001789309889623403
 7.872157242049847 5.76E-10 3.0883163814102925 0.00017900597767920437 0.00017908035893908153
 7.89260440371751 5.76E-10 3.088327694600085 0.00017915554610411453 0.00017923009442934377
 7.913051565385171 5.76E-10 3.08833901729794 0.0001793054588364002 0.0001793801969072933
 7.933498727052833 5.76E-10 3.088350349525702 0.0001794557158485291 0.00017953066785423457
 7.9539458887204955 5.76E-10 3.0883616913106753 0.00017960640359178815 0.00017968150883164842
 7.974393050388157 5.76E-10 3.0883730426747076 0.00017975743564323235 0.00017983272133569462
 7.994840212055819 5.76E-10 3.0883844036396426 0.00017990881194013383 0.00017998430686976086
 8.015287373723481 5.76E-10 3.088395774227326 0.00018006053250414447 0.00018013626694461917
 8.035734535391143 5.76E-10 3.088407154470526 0.0001802127702909223 0.00018028860322537213
 8.056181697058806 5.76E-10 3.0884185443856245 0.00018036526581750756 0.00018044131716470914
 8.076628858726467 5.76E-10 3.088429943994468 0.0001805181055977772 0.00018059441029605978
 8.097076020394129 5.76E-10 3.088441353329823 0.00018067146255731263 0.0001807478843080613
 8.11752318206179 5.76E-10 3.0884527724135364 0.0001808251637625916 0.00018090174074998552
 8.137970343729453 5.76E-10 3.0884642012619907 0.00018097912268891163 0.00018105598110462675
 8.158417505397114 5.76E-10 3.0884756399079527 0.00018113359877198391 0.00018121060708459582
 8.178864667064776 5.76E-10 3.0884870883732694 0.00018128841908719774 0.00018136562026257512
 8.199311828732439 5.76E-10 3.0884985466852455 0.00018144367005374658 0.00018152102229343993
 8.2197589904001 5.76E-10 3.0885100148602658 0.00018159917874252445 0.00018167681469126676
 8.240206152067762 5.76E-10 3.0885214929310973 0.000181755204564255 0.00018183299920158675
 8.260653313735425 5.76E-10 3.0885329809195854 0.00018191157456167844 0.0001819895774292302
 8.281100475403086 5.76E-10 3.0885444788530365 0.00018206837520891439 0.00018214655106193667
 8.301547637070747 5.76E-10 3.0885559867587564 0.00018222560648397166 0.00018230392179598617
 8.32199479873841 5.76E-10 3.088567504653129 0.00018238309543276663 0.0001824616911858487
 8.342441960406072 5.76E-10 3.0885790325689224 0.00018254110149630034 0.0001826198610196153
 8.362889122073733 5.76E-10 3.0885905705279817 0.0001826994516923357 0.00018277843294366844
 8.383336283741396 5.76E-10 3.0886021185576125 0.00018285823248628791 0.00018293740868837913
 8.403783445409058 5.76E-10 3.0886136766796604 0.0001830173574124483 0.00018309678991671518
 8.42423060707672 5.76E-10 3.088625244926893 0.00018317699940701733 0.00018325657845217475
 8.444677768744382 5.76E-10 3.088636823321154 0.00018333698549028774 0.00018341677597559313
 8.465124930412044 5.76E-10 3.0886484118897517 0.00018349740217555343 0.0001835773842523896
 8.485572092079705 5.76E-10 3.08866001065453 0.00018365816294209215 0.0001837384049807764
 8.506019253747368 5.76E-10 3.0886716196482578 0.00018381944075861946 0.00018389984002026134
 8.52646641541503 5.76E-10 3.08868323889824 0.00018398114911076827 0.00018406169116351676
 8.546913577082691 5.76E-10 3.0886948684208613 0.00018414311507252714 0.00018422396005927314
 8.567360738750354 5.76E-10 3.088706508248888 0.00018430559802485214 0.00018438664859465355
 8.587807900418015 5.76E-10 3.0887181584096277 0.00018446851152462663 0.00018454975858979558
 8.608255062085677 5.76E-10 3.088729818930387 0.00018463185554965672 0.00018471329187424554
 8.62870222375334 5.76E-10 3.088741489833009 0.0001847955435884347 0.00018487725020986412
 8.649149385421001 5.76E-10 3.0887531711502634 0.0001849597486331501 0.0001850416355220319
 8.669596547088663 5.76E-10 3.0887648629094553 0.00018512438415755036 0.0001852064496688563
 8.690043708756326 5.76E-10 3.0887765651324304 0.000185289363707319 0.00018537169444058236
 8.710490870423987 5.76E-10 3.0887882778519558 0.00018545486020232532 0.00018553737179192873
 8.730938032091649 5.76E-10 3.0888000010953367 0.00018562078715241142 0.00018570348361012843
 8.751385193759312 5.76E-10 3.08881173488442 0.00018578705812529532 0.00018587003171438923
 8.771832355426973 5.76E-10 3.088823479251974 0.0001859538460318055 0.00018603701808937587
 8.792279517094634 5.76E-10 3.088835234225303 0.00018612106435459655 0.0001862044446520507
 8.812726678762298 5.76E-10 3.088846999831715 0.00018628871314164535 0.0001863723133294671
 8.833173840429959 5.76E-10 3.0888587760930544 0.00018645670588458062 0.00018654062598030555
 8.85362100209762 5.76E-10 3.088870563053011 0.00018662538844885928 0.00018670938478724858
 8.874068163765283 5.76E-10 3.0888823607279674 0.00018679432847275412 0.0001868785915512174
 8.894515325432945 5.76E-10 3.0888941691452327 0.00018696369894172175 0.0001870482482401511
 8.914962487100606 5.76E-10 3.0889059883375714 0.00018713358622664185 0.0001872183569112848
 8.93540964876827 5.76E-10 3.088917818337754 0.00018730399041626557 0.0001873889196329508
 8.95585681043593 5.76E-10 3.088929659167624 0.00018747473849062827 0.00018755993832596303
 8.976303972103592 5.76E-10 3.0889415108599487 0.00018764600340303702 0.00018773141508002619
 8.996751133771255 5.76E-10 3.088953373442036 0.0001878176986955379 0.0001879033519165449
 9.017198295438916 5.76E-10 3.0889652469466515 0.00018798991077946392 0.00018807575094732928
 9.037645457106578 5.76E-10 3.0889771313956422 0.0001881624667710326 0.00018824861413595828
 9.05809261877424 5.76E-10 3.0889890268272344 0.00018833562599071272 0.0001884219436962107
 9.078539780441902 5.76E-10 3.0890009332632755 0.00018850912910780112 0.00018859574161370405
 9.098986942109564 5.76E-10 3.0890128507419936 0.00018868323546183168 0.00018877001012525352
 9.119434103777225 5.76E-10 3.089024779285234 0.00018885768566078462 0.0001889447512387596
 9.139881265444888 5.76E-10 3.0890367189312253 0.00018903273909137933 0.0001891199672145923
 9.16032842711255 5.76E-10 3.0890486697018127 0.0001892081363424698 0.0001892956600829012
 9.180775588780211 5.76E-10 3.089060631629763 0.00018938405033242886 0.0001894718320468644
 9.201222750447874 5.76E-10 3.089072604747844 0.00018956048105837867 0.00018964848532150537
 9.221669912115535 5.76E-10 3.089084589083364 0.00018973734207990581 0.000189825622052845
 9.242117073783197 5.76E-10 3.0890965846745493 0.00018991480624167679 0.00019000324456100722
 9.26256423545086 5.76E-10 3.089108591543246 0.00019009261420075563 0.00019018135493475242
 9.283011397118521 5.76E-10 3.0891206097276833 0.0001902710253296862 0.00019035995551874176
 9.303458558786183 5.76E-10 3.089132639249705 0.00019044978019611077 0.00019053904842546564
 9.323905720453846 5.76E-10 3.089144680153003 0.00019062922469776083 0.00019071863610629894
 9.344352882121507 5.76E-10 3.08915673245396 0.0001908089264686361 0.00019089872061630713
 9.364800043789169 5.76E-10 3.0891687962017276 0.0001909894042754132 0.00019107930451446237
 9.385247205456832 5.76E-10 3.0891808714126885 0.00019117013934034227 0.00019126038988044171
 9.405694367124493 5.76E-10 3.089192958130535 0.0001913515639985588 0.00019144197921737552
 9.426141528792154 5.76E-10 3.0892050563771103 0.0001915333323319153 0.00019162407471205967
 9.446588690459818 5.76E-10 3.089217166190645 0.00019171570377503542 0.0001918066788115101
 9.467035852127479 5.76E-10 3.089229287603905 0.00019189859180560856 0.00019198979389353438
 9.48748301379514 5.76E-10 3.0892414206441967 0.00019208190996627386 0.00019217342226615584
 9.507930175462803 5.76E-10 3.089253565349751 0.00019226583121221766 0.0001923575664166219
 9.528377337130465 5.76E-10 3.089265721753333 0.00019245026900099557 0.00019254222876279508
 9.548824498798126 5.76E-10 3.08927788988225 0.00019263513691839118 0.00019272741165260376
 9.56927166046579 5.76E-10 3.0892900697747305 0.0001928206078331295 0.00019291311761434818
 9.58971882213345 5.76E-10 3.0893022614635433 0.00019300659532324373 0.00019309934910686716
 9.610165983801112 5.76E-10 3.089314464975994 0.00019319301288408562 0.00019328610851883845
 9.630613145468775 5.76E-10 3.089326680355773 0.00019338011988333231 0.00019347339850468904
 9.651060307136436 5.76E-10 3.0893389076301845 0.00019356765691827914 0.00019366122148121637
 9.671507468804098 5.76E-10 3.0893511468319996 0.00019375571050844105 0.00019384957996325324
 9.691954630471761 5.76E-10 3.0893633979994437 0.00019394436699584632 0.00019403847656441963
 9.712401792139422 5.76E-10 3.089375661165287 0.00019413354000966338 0.0001942279138286091
 9.732848953807084 5.76E-10 3.089387936362296 0.00019432322948324647 0.0001944178943141405
 9.753296115474747 5.76E-10 3.0894002236287004 0.00019451352188407778 0.00019460842067900983
 9.773743277142408 5.76E-10 3.0894125230027285 0.0001947044171862776 0.00019479949559650917
 9.79419043881007 5.76E-10 3.089424834506224 0.00019489565599556218 0.00019499112149905644
 9.814637600477733 5.76E-10 3.089437158182879 0.00019508758418357156 0.0001951833011750918
 9.835084762145394 5.76E-10 3.0894494940599992 0.00019527994232151872 0.00019537603717202084
 9.855531923813055 5.76E-10 3.089461842186735 0.0001954730762135966 0.0001955693323955902
 9.875979085480719 5.76E-10 3.0894742025849333 0.00019566655362761738 0.00019576318933777983
 9.89642624714838 5.76E-10 3.089486575303744 0.0001958608067645108 0.00019595761093634255
 9.916873408816041 5.76E-10 3.089498960365012 0.00019605540336034886 0.0001961525997142447
 9.937320570483704 5.76E-10 3.0895113578178908 0.00019625077572503943 0.0001963481586416234
 9.957767732151366 5.76E-10 3.0895237676896845 0.00019644657794598254 0.00019654429035922933
 9.978214893819027 5.76E-10 3.0895361900186225 0.00019664298296914655 0.00019674099769683538
 9.998662055486689 5.76E-10 3.089548624842934 0.00019683999078246345 0.0001969382835008055
 10.019109217154352 5.76E-10 3.0895610721953872 0.00019703751492152263 0.00019713615054695217
 10.039556378822013 5.76E-10 3.0895735321196693 0.0001972357282233035 0.00019733460180206583
 10.060003540489674 5.76E-10 3.089586004648553 0.0001974344578975657 0.0001975336400755129
 10.080450702157338 5.76E-10 3.0895984898257236 0.00019763387668846066 0.00019773326836844835
 10.100897863824999 5.76E-10 3.0896109876784896 0.00019783372532805076 0.00019793348943625532
 10.12134502549266 5.76E-10 3.0896234982450794 0.00019803417667291865 0.00019813430622644357
 10.141792187160323 5.76E-10 3.0896360215746452 0.00019823540362533633 0.00019833572188060743
 10.162239348827985 5.76E-10 3.0896485576944914 0.00019843706033560135 0.00019853773920547953
 10.182686510495646 5.76E-10 3.0896611066483106 0.00019863940620606585 0.00019874036129011313
 10.20313367216331 5.76E-10 3.089673668474329 0.00019884235469652038 0.0001989435911532535
 10.22358083383097 5.76E-10 3.089686243205317 0.00019904581943016496 0.00019914743174279884
 10.244027995498632 5.76E-10 3.0896988308904247 0.00019925005967115494 0.000199351886291477
 10.264475157166295 5.76E-10 3.089711431556957 0.00019945472962588643 0.0001995569576944379
 10.284922318833956 5.76E-10 3.089724045254068 0.00019966017511799687 0.00019976264922191421
 10.305369480501618 5.76E-10 3.0897366720199835 0.00019986622316711466 0.0001999689639847204
 10.325816642169281 5.76E-10 3.089749311887474 0.00020007278739807334 0.00020017590502262756
 10.346263803836942 5.76E-10 3.089761964900228 0.00020028004062291215 0.00020038347557356764
 10.366710965504604 5.76E-10 3.0897746310964744 0.00020048789640947208 0.00020059167880503214
 10.387158127172267 5.76E-10 3.0897873105199043 0.00020069644119823833 0.00020080051799408776
 10.407605288839928 5.76E-10 3.089800003214206 0.00020090567494008093 0.00020100999643780893
 10.42805245050759 5.76E-10 3.0898127092121497 0.00020111542479368057 0.00020122011727201442
 10.448499612175253 5.76E-10 3.0898254285574227 0.0002013258635603767 0.00020143088383323964
 10.468946773842914 5.76E-10 3.0898381612882555 0.00020153690484479153 0.00020164229938745708
 10.489393935510575 5.76E-10 3.089850907453799 0.0002017487214875421 0.00020185436740319574
 10.509841097178239 5.76E-10 3.0898636670868216 0.00020196105416961184 0.00020206709109625882
 10.5302882588459 5.76E-10 3.0898764402364742 0.0002021741621820957 0.00020228047397643326
 10.550735420513561 5.76E-10 3.0898892269409846 0.00020238787261606073 0.0002024945193922314
 10.571182582181224 5.76E-10 3.0899020272440434 0.00020260227192962955 0.0002027092308046528
 10.591629743848886 5.76E-10 3.0899148411838806 0.00020281727367315892 0.00020292461160396165
 10.612076905516547 5.76E-10 3.089927668804186 0.0002030329642547965 0.00020314066529375204
 10.63252406718421 5.76E-10 3.0899405101541095 0.00020324943007384046 0.00020335739549205505
 10.652971228851872 5.76E-10 3.0899533652664206 0.00020346641186075125 0.00020357480556128916
 10.673418390519533 5.76E-10 3.089966234195731 0.00020368425530476117 0.00020379289925653765
 10.693865552187196 5.76E-10 3.0899791169748076 0.0002039026146541795 0.00020401167998398224
 10.714312713854858 5.76E-10 3.089992013658265 0.00020412183566559123 0.00020423115154441783
 10.734759875522519 5.76E-10 3.0900049242788694 0.0002043415725479494 0.00020445131738854703
 10.755207037190182 5.76E-10 3.090017848891233 0.00020456217102678113 0.00020467218136354222
 10.775654198857843 5.76E-10 3.0900307875281245 0.00020478328538415036 0.00020489374696537488
 10.796101360525505 5.76E-10 3.0900437402441554 0.00020500526130046208 0.00020511601808838694
 10.816548522193168 5.76E-10 3.090056707083017 0.00020522792593754118 0.00020533899846327894
 10.83699568386083 5.76E-10 3.090069688082938 0.00020545119280753165 0.0002055626917498019
 10.85744284552849 5.76E-10 3.0900826832930695 0.00020567523478678433 0.00020578710182035532
 10.877890007196154 5.76E-10 3.090095692762562 0.00020590005183106122 0.00020601223257214033
 10.898337168863815 5.76E-10 3.0901087165351058 0.00020612555752233348 0.00020623808783229837
 10.918784330531476 5.76E-10 3.0901217546543935 0.00020635175186694963 0.0002064646714524431
 10.93923149219914 5.76E-10 3.0901348071695733 0.00020657872120208271 0.000206691987404339
 10.959678653866801 5.76E-10 3.090147874124338 0.00020680637916692355 0.00020692003958974604
 10.980125815534462 5.76E-10 3.090160955567836 0.00020703481210487763 0.000207148832031391
 11.000572977202124 5.76E-10 3.09017405154376 0.0002072639336347116 0.00020737836868199198
 11.021020138869787 5.76E-10 3.0901871621067216 0.00020749391655493934 0.00020760865371247624
 11.041467300537448 5.76E-10 3.090200287294949 0.00020772450156541535 0.0002078396910313633
 11.06191446220511 5.76E-10 3.0902134271685178 0.00020795603441007245 0.00020807148495951693
 11.082361623872773 5.76E-10 3.0902265817601937 0.00020818808285873012 0.00020830403936130713
 11.102808785540434 5.76E-10 3.090239751130053 0.00020842107911525005 0.000208537358611986
 11.123255947208095 5.76E-10 3.090252935327244 0.00020865485023092184 0.00020877144692097797
 11.143703108875759 5.76E-10 3.090266134389998 0.00020888922338718716 0.00020900630833030456
 11.16415027054342 5.76E-10 3.0902793483783886 0.00020912454427124945 0.00020924194729905185
 11.184597432211081 5.76E-10 3.0902925773306436 0.00020936046712193886 0.00020947836792435933
 11.205044593878744 5.76E-10 3.090305821312299 0.00020959742410413653 0.0002097155748213391
 11.225491755546406 5.76E-10 3.0903190803561214 0.00020983489659579996 0.00020995357204520062
 11.245938917214067 5.76E-10 3.090332354527647 0.00021007340318325373 0.00021019236426980193
 11.26638607888173 5.76E-10 3.0903456438651045 0.00021031251169327254 0.0002104319557059476
 11.286833240549392 5.76E-10 3.090358948428567 0.00021055256780395929 0.00021067235098868293
 11.307280402217053 5.76E-10 3.0903722682617256 0.0002107933122486759 0.00021091355448630842
 11.327727563884716 5.76E-10 3.0903856034246546 0.00021103500427873808 0.00021115557089484508
 11.348174725552377 5.76E-10 3.090398953955581 0.000211277298137503 0.00021139840454291263
 11.368621887220039 5.76E-10 3.0904123199200417 0.00021152062598875148 0.00021164206028795958
 11.389069048887702 5.76E-10 3.090425701367188 0.00021176472851946318 0.00021188654271993765
 11.409516210555363 5.76E-10 3.09043909834617 0.00021200960567741868 0.0002121318564596667
 11.429963372223025 5.76E-10 3.09045251090614 0.00021225525750172175 0.00021237800615919337
 11.450410533890688 5.76E-10 3.0904659391126326 0.0002125019432000918 0.0002126249968047756
 11.47085769555835 5.76E-10 3.0904793830093387 0.00021274931709338901 0.00021287283301248358
 11.49130485722601 5.76E-10 3.0904928426508698 0.0002129975519762715 0.00021312151963222972
 11.511752018893674 5.76E-10 3.0905063180918413 0.0002132466478932028 0.00021337106154720533
 11.532199180561335 5.76E-10 3.090519809392324 0.0002134966911524949 0.00021362146377582088
 11.552646342228996 5.76E-10 3.0905333166014697 0.00021374750895374005 0.00021387273116709596
 11.57309350389666 5.76E-10 3.0905468397738924 0.0002139991877043033 0.00021412486870554361
 11.593540665564321 5.76E-10 3.0905603789642044 0.00021425172736414119 0.00021437788141002236
 11.613987827231982 5.76E-10 3.09057393423794 0.00021450530074822708 0.00021463177453963258
 11.634434988899645 5.76E-10 3.09058750563879 0.00021475956218209346 0.00021488655297832428
 11.654882150567307 5.76E-10 3.090601093226829 0.0002150147708913422 0.00021514222195319837
 11.675329312234968 5.76E-10 3.0906146970566684 0.00021527084043243677 0.00021539878662442394
 11.695776473902631 5.76E-10 3.090628317193844 0.0002155279436311868 0.00021565625239562382
 11.716223635570293 5.76E-10 3.090641953687506 0.0002157858211989636 0.00021591462439683227
 11.736670797237954 5.76E-10 3.090655606603191 0.00021604473239727272 0.0002161739081057914
 11.757117958905617 5.76E-10 3.0906692759845904 0.00021630433153237486 0.00021643410862190576
 11.777565120573279 5.76E-10 3.090682961908158 0.00021656513702945584 0.00021669523170780638
 11.79801228224094 5.76E-10 3.0906966644175875 0.00021682663045187965 0.00021695728253807436
 11.818459443908603 5.76E-10 3.0907103835784113 0.00021708915737270938 0.0002172202667439315
 11.838906605576264 5.76E-10 3.0907241194507065 0.00021735263143386784 0.00021748418989154457
 11.859353767243926 5.76E-10 3.090737872094544 0.0002176170525229015 0.00021774905758658775
 11.879800928911589 5.76E-10 3.090751641564538 0.00021788233426987756 0.00021801487536890076
 11.90024809057925 5.76E-10 3.0907654279316845 0.0002181487358760041 0.00021828164913618677
 11.920695252246912 5.76E-10 3.090779231245134 0.0002184159116438141 0.0002185493844031443
 11.941142413914573 5.76E-10 3.0907930515704236 0.00021868412084391479 0.00021881808704368955
 11.961589575582236 5.76E-10 3.090806888973088 0.0002189533634252983 0.00021908776297418535
 11.982036737249897 5.76E-10 3.090820743507739 0.00021922346650968022 0.00021935841793947636
 12.002483898917559 5.76E-10 3.0908346152453725 0.00021949468935546478 0.00021963005804805612
 12.022931060585222 5.76E-10 3.0908485042406038 0.0002197667727170978 0.00021990268912999646
 12.043378222252883 5.76E-10 3.0908624105589646 0.00022003988932216067 0.00022017631727326128
 12.063825383920545 5.76E-10 3.090876334265993 0.0002203140392388271 0.0002204509486104091
 12.084272545588208 5.76E-10 3.0908902754272223 0.0002205892223806223 0.00022072658931883345
 12.10471970725587 5.76E-10 3.0909042340972674 0.00022086526595088492 0.00022100324540381538
 12.12516686892353 5.76E-10 3.090918210352583 0.0002211425155026766 0.00022128092335028615
 12.145614030591194 5.76E-10 3.0909322042532446 0.00022142071183770264 0.00022155962936366643
 12.166061192258855 5.76E-10 3.090946215864787 0.0002216999413336296 0.00022183936980451377
 12.186508353926516 5.76E-10 3.0909602452472846 0.00022198011754668122 0.00022212015097058333
 12.20695551559418 5.76E-10 3.0909742924771946 0.00022226149968632906 0.00022240197953636028
 12.227402677261841 5.76E-10 3.090988357614592 0.0002225438285165703 0.0002226848618953843
 12.247849838929502 5.76E-10 3.0910024407304713 0.0002228272767831652 0.00022296880470994217
 12.268297000597165 5.76E-10 3.0910165418903697 0.00022311175811938968 0.00022325381458084616
 12.288744162264827 5.76E-10 3.0910306611598206 0.00022339727243818469 0.0002235398981588173
 12.309191323932488 5.76E-10 3.0910447986098224 0.00022368390618274952 0.0002238270622557347
 12.329638485600151 5.76E-10 3.091058954305909 0.00022397157286790478 0.00022411531362309084
 12.350085647267813 5.76E-10 3.091073128324537 0.0002242604452968269 0.0002244046592872178
 12.370532808935474 5.76E-10 3.0910873207257827 0.00022455026426242359 0.0002246951059911751
 12.390979970603137 5.76E-10 3.0911015315861023 0.00022484128890676514 0.0002249866608663288
 12.411427132270799 5.76E-10 3.0911157609764923 0.00022513343282170228 0.000225279330985808
 12.43187429393846 5.76E-10 3.09113000896795 0.00022542669599543913 0.00022557312347671834
 12.452321455606123 5.76E-10 3.0911442756260095 0.0002257209919588391 0.00022586804540714682
 12.472768617273784 5.76E-10 3.0911585610271293 0.0002260164935380305 0.00022616410412658425
 12.493215778941446 5.76E-10 3.0911728652423056 0.00022631311427699863 0.00022646130692717764
 12.513662940609109 5.76E-10 3.091187188347996 0.00022661094055651966 0.00022675966127148312
 12.53411010227677 5.76E-10 3.091201530415197 0.00022690988594934141 0.00022705917456531877
 12.554557263944432 5.76E-10 3.091215891514905 0.00022720995042920867 0.0002273598542717288
 12.575004425612095 5.76E-10 3.0912302717181164 0.00022751113396277193 0.00022766170791155773
 12.595451587279756 5.76E-10 3.091244671112212 0.00022781369575355484 0.00022796474341048477
 12.615898748947417 5.76E-10 3.0912590897627257 0.000228117290115594 0.00022826896829357467
 12.63634591061508 5.76E-10 3.0912735277461167 0.0002284220898891352 0.00022857439037647471
 12.656793072282742 5.76E-10 3.091287985144304 0.0002287281814078813 0.00022888101765254073
 12.677240233950403 5.76E-10 3.09130246202282 0.0002290353054168449 0.00022918885782825137
 12.697687395618066 5.76E-10 3.091316958474509 0.00022934389394939627 0.0002294979192552818
 12.718134557285728 5.76E-10 3.0913314745649054 0.00022965351494385293 0.0002298082097656843
 12.73858171895339 5.76E-10 3.0913460103704677 0.00022996434118687764 0.00023011973748819495
 12.759028880621052 5.76E-10 3.091360565984036 0.00023027663181387708 0.00023043251096998654
 12.779476042288714 5.76E-10 3.0913751414711457 0.00023058995482521803 0.00023074653823540857
 12.799923203956375 5.76E-10 3.0913897369137167 0.00023090456939911579 0.00023106182772849543
 12.820370365624038 5.76E-10 3.091404352399129 0.0002312205618848608 0.00023137838807965448
 12.8408175272917 5.76E-10 3.09141898800384 0.00023153775946347925 0.00023169622775076325
 12.861264688959361 5.76E-10 3.0914336438097685 0.0002318562484849117 0.0002320153553910715
 12.881711850627022 5.76E-10 3.0914483198988343 0.00023217602895357305 0.00023233577971981404
 12.902159012294685 5.76E-10 3.0914630163474923 0.0002324970143762436 0.00023265750940664517
 12.922606173962347 5.76E-10 3.0914777332540493 0.00023281955041717364 0.00023298055367325008
 12.943053335630008 5.76E-10 3.091492470684038 0.00023314311856592937 0.0002333049210925518
 12.963500497297671 5.76E-10 3.091507228735762 0.00023346823721225707 0.0002336306210330985
 12.983947658965333 5.76E-10 3.0915220074856786 0.00023379456073691041 0.0002339576624553108
 13.004394820632994 5.76E-10 3.0915368070266296 0.00023412234828766552 0.0002342860547579563
 13.024841982300657 5.76E-10 3.0915516274350723 0.0002344513406467658 0.00023461580705140688
 13.045289143968319 5.76E-10 3.0915664688093094 0.00023478188336266485 0.0002349469290104336
 13.06573630563598 5.76E-10 3.0915813312258 0.00023511363084343149 0.00023527942989958538
 13.086183467303643 5.76E-10 3.0915962147719225 0.00023544675580794433 0.00023561331930588563
 13.106630628971304 5.76E-10 3.09161111954598 0.00023578143102704206 0.0002359486071430928
 13.127077790638966 5.76E-10 3.091626045629892 0.00023611739729408415 0.00023628530303702343
 13.147524952306629 5.76E-10 3.0916409931165005 0.00023645482736566563 0.00023662341694194678
 13.16797211397429 5.76E-10 3.091655962093185 0.0002367936347916128 0.0002369629587714349
 13.188419275641952 5.76E-10 3.091670952652787 0.0002371339059456502 0.0002373039386472214
 13.208866437309615 5.76E-10 3.0916859648881485 0.00023747564079229004 0.00023764636677666557
 13.229313598977276 5.76E-10 3.091700998886648 0.00023781875287529094 0.00023799025332834112
 13.249760760644937 5.76E-10 3.0917160547465907 0.00023816341500813151 0.00023833560880803857
 13.2702079223126 5.76E-10 3.0917311325553554 0.0002385094543066908 0.0002386824435595615
 13.290655083980262 5.76E-10 3.091746232411246 0.00023885704356148776 0.00023903076826767712
 13.311102245647923 5.76E-10 3.091761354412563 0.00023920618267863914 0.0002393805937089005
 13.331549407315586 5.76E-10 3.091776498646689 0.0002395566989237569 0.00023973193049809112
 13.351996568983248 5.76E-10 3.091791665217387 0.0002399088513551175 0.00024008478972392157
 13.37244373065091 5.76E-10 3.0918068542120367 0.00024026238079232 0.00024043918218737283
 13.392890892318572 5.76E-10 3.091822065739865 0.00024061763278543374 0.00024079511929604497
 13.413338053986234 5.76E-10 3.091837299893713 0.00024097434808443346 0.00024115261217109933
 13.433785215653895 5.76E-10 3.091852556771881 0.00024133261302694992 0.0002415116721594308
 13.454232377321558 5.76E-10 3.0918678364726753 0.00024169242765882193 0.00024187231070722288
 13.47467953898922 5.76E-10 3.091883139099858 0.0002420538782376307 0.00024223453949070376
 13.495126700656881 5.76E-10 3.0918984647571923 0.00024241696474405623 0.00024259837028904792
 13.515573862324544 5.76E-10 3.091913813537522 0.00024278151442055018 0.00024296381472431805
 13.536021023992205 5.76E-10 3.0919291855555318 0.00024314787269035844 0.00024333088504477205
 13.556468185659867 5.76E-10 3.0919445809040633 0.00024351569402246426 0.0002436995930826162
 13.57691534732753 5.76E-10 3.0919599996923437 0.00024388523754243304 0.00024406995117004748
 13.597362508995191 5.76E-10 3.091975442024135 0.0002442564167734802 0.0002444419716174506
 13.617809670662853 5.76E-10 3.0919909080086634 0.0002446293180870455 0.00024481566697797963
 13.638256832330516 5.76E-10 3.092006397749693 0.00024500385507017047 0.0002451910497848017
 13.658703993998177 5.76E-10 3.092021911350987 0.0002453800276393356 0.00024556813268396607
 13.679151155665839 5.76E-10 3.092037448927233 0.00024575800856854307 0.00024594692870246745
 13.699598317333502 5.76E-10 3.0920530105821933 0.0002461376249910374 0.0002463274507180622
 13.720045479001163 5.76E-10 3.092068596430557 0.00024651904970691946 0.0002467097119942699
 13.740492640668824 5.76E-10 3.092084206581548 0.00024690219621169236 0.0002470937257807799
 13.760939802336488 5.76E-10 3.0920998411498535 0.0002472871508851606 0.0002474795055838538
 13.781386964004149 5.76E-10 3.092115500239236 0.0002476737408916027 0.00024786706476218696
 13.80183412567181 5.76E-10 3.092131183969844 0.00024806222535145566 0.00024825641720554575
 13.822281287339472 5.76E-10 3.092146892456365 0.00024845251784395264 0.000248647576795762
 13.842728449007135 5.76E-10 3.092162625808023 0.0002488445319152518 0.00024904055740615033
 13.863175610674796 5.76E-10 3.0921783841449666 0.0002492384403074616 0.00024943537331349443
 13.883622772342457 5.76E-10 3.0921941675818823 0.0002496341565725981 0.0002498320387899587
 13.90406993401012 5.76E-10 3.092209976238918 0.00025003176705655706 0.0002502305683793527
 13.924517095677782 5.76E-10 3.092225810236221 0.000250431271682825 0.0002506309767619398
 13.944964257345443 5.76E-10 3.09224166969394 0.00025083267045199594 0.0002510332787563124
 13.965411419013106 5.76E-10 3.092257554721299 0.00025123579051212363 0.00025143748904158427
 13.985858580680768 5.76E-10 3.0922734654548307 0.00025164106372186403 0.0002518436231352955
 14.00630574234843 5.76E-10 3.092289402009222 0.00025204814453634567 0.0002522516961415413
 14.026752904016092 5.76E-10 3.09230536451008 0.00025245720561037317 0.0002526617235894943
 14.047200065683754 5.76E-10 3.092321353083016 0.00025286824695602345 0.0002530737211570286
 14.067647227351415 5.76E-10 3.092337367848177 0.0002532811821120767 0.0002534877045307669
 14.088094389019078 5.76E-10 3.0923534089366322 0.0002536961837564932 0.00025390368983162605
 14.10854155068674 5.76E-10 3.092369476473993 0.0002541131655181328 0.00025432169319453536
 14.128988712354401 5.76E-10 3.0923855705913277 0.00025453221366246356 0.0002547417310533626
 14.149435874022064 5.76E-10 3.092401691414247 0.00025495324180485005 0.0002551638198581752
 14.169883035689725 5.76E-10 3.0924178390792805 0.00025537642258909943 0.0002555879765072458
 14.190330197357387 5.76E-10 3.092434013712039 0.0002558015832712633 0.00025601421777541694
 14.21077735902505 5.76E-10 3.092450215449055 0.00025622889652810994 0.00025644256089167404
 14.231224520692711 5.76E-10 3.092466444421395 0.0002566582758619187 0.000256873023109236
 14.251671682360373 5.76E-10 3.0924827007655935 0.0002570898076800798 0.0002573056219976001
 14.272118844028036 5.76E-10 3.092498984618183 0.0002575234919118878 0.00025774037530042616
 14.292566005695697 5.76E-10 3.092515296115693 0.00025795932844430993 0.000258177300937686
 14.313013167363358 5.76E-10 3.092531635400117 0.0002583974036318308 0.00025861641715555785
 14.333460329031022 5.76E-10 3.0925480026025265 0.0002588375446845621 0.0002590577420871945
 14.353907490698683 5.76E-10 3.092564397870374 0.00025928001061018013 0.0002595012944923491
 14.374354652366344 5.76E-10 3.0925808213456523 0.0002597247150074844 0.00025994709317146437
 14.394801814034007 5.76E-10 3.0925972731703557 0.0002601716578308664 0.00026039515711505004
 14.415248975701669 5.76E-10 3.0926137534864777 0.0002606208390134454 0.0002608455055061277
 14.43569613736933 5.76E-10 3.0926302624414697 0.0002610723448056115 0.0002612981578730763
 14.456143299036993 5.76E-10 3.092646800177326 0.00026152608884930843 0.0002617531337933041
 14.476590460704655 5.76E-10 3.0926633668524235 0.0002619823301531016 0.0002622104534980152
 14.497037622372316 5.76E-10 3.0926799626087544 0.0002624408095479827 0.0002626701369721332
 14.51748478403998 5.76E-10 3.092696587599236 0.0002629016997377285 0.000263132204710979
 14.53793194570764 5.76E-10 3.09271324197132 0.0002633649142299808 0.000263596677269121
 14.558379107375302 5.76E-10 3.092729925883384 0.00026383062573139 0.0002640635757214987
 14.578826269042965 5.76E-10 3.0927466394883436 0.00026429874781141874 0.00026453292120915176
 14.599273430710626 5.76E-10 3.0927633829445753 0.00026476936675342915 0.0002650047352487717
 14.619720592378288 5.76E-10 3.0927801564049946 0.0002652423961343701 0.00026547903942804893
 14.640167754045951 5.76E-10 3.0927969600279797 0.0002657179222713134 0.0002659558557174726
 14.660614915713612 5.76E-10 3.0928137939828266 0.0002661961177419555 0.0002664352066321672
 14.681062077381274 5.76E-10 3.092830658416991 0.0002666766371072525 0.00026691711430005833
 14.701509239048937 5.76E-10 3.0928475534997726 0.0002671598257306484 0.0002674016017126843
 14.721956400716598 5.76E-10 3.0928644794004705 0.0002676456835184762 0.00026788869210796006
 14.74240356238426 5.76E-10 3.0928814362829216 0.0002681341240312179 0.0002683784088150337
 14.762850724051921 5.76E-10 3.092898424305504 0.00026862506088061477 0.0002688707752550166
 14.783297885719584 5.76E-10 3.092915443648439 0.00026911883938968194 0.000269365815739539
 14.803745047387245 5.76E-10 3.0929324944755634 0.00026961520040634073 0.000269863554364692
 14.824192209054907 5.76E-10 3.092949576961639 0.00027011431660212815 0.0002703640158089527
 14.84463937072257 5.76E-10 3.0929666912759646 0.000270616101529644 0.00027086722486001927
 14.865086532390231 5.76E-10 3.0929838375987617 0.0002711207278139355 0.00027137320690049315
 14.885533694057893 5.76E-10 3.093001016104791 0.0002716281090341745 0.0002718819874302979
 14.905980855725556 5.76E-10 3.0930182269742743 0.0002721383314692366 0.00027239359239389116
 14.926428017393217 5.76E-10 3.093035470381971 0.00027265130866356243 0.00027290804785977196
 14.946875179060878 5.76E-10 3.093052746519027 0.00027316729963931547 0.00027342538067894794
 14.967322340728542 5.76E-10 3.0930700555547417 0.00027368595888134403 0.0002739456173435928
 14.987769502396203 5.76E-10 3.0930873976857183 0.0002742077180408 0.0002744687854689307
 15.008216664063864 5.76E-10 3.0931047730976426 0.0002747324044019514 0.0002749949126500434
 15.028663825731527 5.76E-10 3.0931221819761956 0.00027526001780495726 0.0002755240267934074
 15.049110987399189 5.76E-10 3.093139624507061 0.00027579055821605524 0.00027605615612165873
 15.06955814906685 5.76E-10 3.0931571008923053 0.00027632428457978166 0.00027659132968219476
 15.090005310734513 5.76E-10 3.093174611323074 0.00027686102413189244 0.0002771295765180906
 15.110452472402175 5.76E-10 3.093192155990509 0.00027740077674441913 0.00027767092600506553
 15.130899634069836 5.76E-10 3.0932097350966785 0.0002779437150602484 0.00027821540819650677
 15.1513467957375 5.76E-10 3.093227348838188 0.00027848975263895765 0.0002787630533233026
 15.17179395740516 5.76E-10 3.0932449974171052 0.00027903897575527785 0.00027931389213717463
 15.192241119072822 5.76E-10 3.0932626810409563 0.0002795914706038945 0.00027986795592075927
 15.212688280740485 5.76E-10 3.093280399911809 0.00028014715080602133 0.00028042527615017103
 15.233135442408146 5.76E-10 3.0932981542371922 0.0002807061026037833 0.0002809858848439014
 15.253582604075808 5.76E-10 3.093315944224632 0.0002812683258608549 0.00028154981439767123
 15.274029765743471 5.76E-10 3.0933337700925803 0.00028183399323289366 0.00028211709793968763
 15.294476927411132 5.76E-10 3.0933516320540266 0.0002824030182463537 0.0002826877688171352
 15.314924089078794 5.76E-10 3.0933695303164988 0.00028297531445787096 0.0002832618605988101
 15.335371250746457 5.76E-10 3.0933874651039077 0.0002835511407942809 0.00028383940778457534
 15.355818412414118 5.76E-10 3.093405436640166 0.00028413049717453256 0.0002844204452898674
 15.37626557408178 5.76E-10 3.0934234451382636 0.0002847132108140555 0.0002850050080958127
 15.396712735749443 5.76E-10 3.093441490833033 0.00028529962694089225 0.00028559313232165884
 15.417159897417104 5.76E-10 3.093459573948389 0.0002858895728308176 0.0002861848541684757
 15.437607059084765 5.76E-10 3.093477694708241 0.0002864830483168533 0.00028678021027923883
 15.458054220752429 5.76E-10 3.0934958533474237 0.00028708022599385557 0.0002873792381081513
 15.47850138242009 5.76E-10 3.0935140501062333 0.00028768119211619554 0.00028798197575232424
 15.498948544087751 5.76E-10 3.0935322852085823 0.00028828568754819226 0.0002885884612343211
 15.519395705755414 5.76E-10 3.0935505589056866 0.000288894143833095 0.0002891987339632974
 15.539842867423076 5.76E-10 3.0935688714378435 0.00028950638823695206 0.0002898128334738728
 15.560290029090737 5.76E-10 3.0935872230398886 0.00029012233430721464 0.0002904307996109511
 15.5807371907584 5.76E-10 3.0936056139630375 0.0002907422408810448 0.00029105267327600524
 15.601184352426062 5.76E-10 3.09362404445851 0.00029136610791101865 0.00029167849588807417
 15.621631514093723 5.76E-10 3.093642514777523 0.00029199393522986 0.0002923083093919038
 15.642078675761386 5.76E-10 3.0936610251767576 0.00029262580910599057 0.00029294215645462354
 15.662525837429047 5.76E-10 3.0936795759074305 0.00029326164302463745 0.00029358008010084007
 15.682972999096709 5.76E-10 3.093698167231684 0.0002939016095890421 0.00029422212428638014
 15.70342016076437 5.76E-10 3.093716799417118 0.0002945457949550738 0.0002948683337249975
 15.723867322432033 5.76E-10 3.093735472725875 0.00029519411271610547 0.0002955187535197101
 15.744314484099695 5.76E-10 3.093754187425556 0.0002958466490399163 0.00029617342955244927
 15.764761645767356 5.76E-10 3.093772943783763 0.0002965034038124914 0.00029683240830420747
 15.78520880743502 5.76E-10 3.093791742084482 0.0002971646359010153 0.0002974957374476936
 15.80565596910268 5.76E-10 3.0938105825953155 0.0002978300861968384 0.0002981634647022493
 15.826103130770342 5.76E-10 3.093829465605709 0.00029850009983990066 0.0002988356391993888
 15.846550292438005 5.76E-10 3.093848391394188 0.00029917450408218754 0.0002995123103335737
 15.866997454105666 5.76E-10 3.0938673602502007 0.0002998534714458366 0.00030019352855311813
 15.887444615773328 5.76E-10 3.0938863724631918 0.0003005370017416871 0.00030087934498408366
 15.907891777440991 5.76E-10 3.093905428322609 0.0003012250948712061 0.00030156981144235776
 15.928338939108652 5.76E-10 3.0939245281288232 0.0003019179233682974 0.00030226498084487315
 15.948786100776314 5.76E-10 3.0939436721822027 0.00030261548703060454 0.0003029649068295172
 15.969233262443977 5.76E-10 3.093962860788578 0.0003033178720688504 0.0003036696439694029
 15.989680424111638 5.76E-10 3.0939820942428597 0.0003040249057105 0.0003043792471829546
 16.0101275857793 5.76E-10 3.0940013728727203 0.0003047371056818245 0.0003050937733648608
 16.030574747446963 5.76E-10 3.0940206969785318 0.0003054540402889513 0.00030581327918046926
 16.051021909114624 5.76E-10 3.0940400668825077 0.0003061760546214966 0.0003065378229024026
 16.071469070782285 5.76E-10 3.0940594829123245 0.00030690323487538436 0.00030726746382683416
 16.091916232449947 5.76E-10 3.094078945384735 0.00030763540822212516 0.0003080022616702256
 16.11236339411761 5.76E-10 3.094098454627415 0.00030837274715487774 0.00030874227740762766
 16.132810555785273 5.76E-10 3.0941180109844244 0.00030911551048580006 0.00030948757350705977
 16.153257717452934 5.76E-10 3.0941376147834396 0.0003098634390842477 0.0003102382126991198
 16.173704879120596 5.76E-10 3.0941572663630588 0.0003106167054123589 0.000310994259034155
 16.194152040788257 5.76E-10 3.094176966078264 0.0003113755682706067 0.0003117557781210389
 16.21459920245592 5.76E-10 3.094196714273115 0.00031213985483539 0.0003125228360936088
 16.23504636412358 5.76E-10 3.094216511297132 0.00031290965124808345 0.00031329550026067935
 16.255493525791245 5.76E-10 3.094236357516221 0.0003136852163183249 0.00031407383955981143
 16.275940687458906 5.76E-10 3.094256253290824 0.0003144664634980275 0.000314857923726393
 16.296387849126567 5.76E-10 3.0942761989813863 0.0003152533926600248 0.0003156478235238591
 16.31683501079423 5.76E-10 3.0942961949647327 0.0003160462625035782 0.00031644361142004363
 16.33728217246189 5.76E-10 3.094316241612231 0.0003168449865873664 0.0003172453607444126
 16.35772933412955 5.76E-10 3.09433633930617 0.00031764973732396407 0.00031805314636519503
 16.378176495797216 5.76E-10 3.0943564884397596 0.0003184606871404392 0.0003188670447216029
 16.398623657464878 5.76E-10 3.094376689389828 0.00031927757690939485 0.00031968713274270575
 16.41907081913254 5.76E-10 3.0943969425605076 0.0003201008379871292 0.00032051348964462164
 16.4395179808002 5.76E-10 3.0944172483504717 0.0003209303838768016 0.00032134619563131526
 16.459965142467862 5.76E-10 3.094437607158392 0.00032176621435049945 0.0003221853321387662
 16.480412304135523 5.76E-10 3.0944580194047857 0.000322608674456204 0.00032303098276901355
 16.500859465803188 5.76E-10 3.0944784855047103 0.00032345767769573826 0.00032388323219571303
 16.52130662747085 5.76E-10 3.094499005873222 0.0003243132238240618 0.00032474216641407576
 16.54175378913851 5.76E-10 3.094519580936297 0.0003251754852160166 0.0003256078732280487
 16.562200950806172 5.76E-10 3.0945402111362994 0.00032604472063722643 0.0003264804425238538
 16.582648112473834 5.76E-10 3.094560896899208 0.00032692067090311894 0.00032735996491451124
 16.603095274141495 5.76E-10 3.094581638678306 0.0003278037672997813 0.0003282465336278095
 16.62354243580916 5.76E-10 3.0946024369214196 0.00032869392336070226 0.0003291402431520122
 16.64398959747682 5.76E-10 3.094623292081833 0.0003295912250958614 0.000330041189734326
 16.664436759144483 5.76E-10 3.094644204618291 0.0003304957585671929 0.00033094947141888
 16.684883920812144 5.76E-10 3.0946651750113867 0.00033140786880441576 0.00033186518880498183
 16.705331082479805 5.76E-10 3.094686203725326 0.0003323272965813281 0.0003327884434191225
 16.725778244147467 5.76E-10 3.094707291246162 0.0003332543868968392 0.0003337193394266227
 16.74622540581513 5.76E-10 3.094728438059949 0.0003341891395319538 0.0003346579827192197
 16.766672567482793 5.76E-10 3.0947496446636604 0.0003351317267551364 0.00033560448144028795
 16.787119729150454 5.76E-10 3.0947709115597313 0.0003360822346257162 0.0003365589457919879
 16.807566890818116 5.76E-10 3.094792239250601 0.0003370406629342192 0.0003375214878322352
 16.828014052485777 5.76E-10 3.0948136282605483 0.0003380073565245592 0.00033849222251134027
 16.84846121415344 5.76E-10 3.0948350791083956 0.0003389822288974513 0.0003394712664891971
 16.868908375821103 5.76E-10 3.094856592323883 0.0003399654522864392 0.00034045873892654953
 16.889355537488765 5.76E-10 3.094878168447678 0.0003409571990928813 0.00034145476154383883
 16.909802699156426 5.76E-10 3.094899808031367 0.0003419576415490283 0.0003424594586808587
 16.930249860824087 5.76E-10 3.0949215116156163 0.00034296660680134555 0.0003434729563333569
 16.95069702249175 5.76E-10 3.094943279779318 0.0003439846985943668 0.0003444953845071706
 16.97114418415941 5.76E-10 3.094965113079523 0.0003450115714650463 0.00034552687446831067
 16.991591345827075 5.76E-10 3.0949870121005865 0.0003460476565855774 0.00034656756111115634
 17.012038507494736 5.76E-10 3.0950089774323235 0.0003470930398813356 0.00034761758200213257
 17.032485669162398 5.76E-10 3.0950310096645515 0.00034814772107113155 0.0003486770771778665
 17.05293283083006 5.76E-10 3.0950531094143945 0.00034921213131155435 0.00034974619053033165
 17.07337999249772 5.76E-10 3.09507527728259 0.0003502860113181697 0.0003508250677678447
 17.093827154165382 5.76E-10 3.0950975139026444 0.0003513698785583816 0.00035191385887165915
 17.114274315833047 5.76E-10 3.0951198199080663 0.0003524637326879258 0.00035301271658487823
 17.134721477500708 5.76E-10 3.095142195937823 0.00035356765961492735 0.00035412179674974815
 17.15516863916837 5.76E-10 3.095164642652726 0.0003546820041374185 0.00035524125920532247
 17.17561580083603 5.76E-10 3.095187160708129 0.0003558066796245127 0.0003563712665121343
 17.196062962503692 5.76E-10 3.0952097507812275 0.0003569420308290063 0.0003575119854039504
 17.216510124171354 5.76E-10 3.095232413554679 0.0003580881436692784 0.0003586635860588616
 17.236957285839015 5.76E-10 3.0952551497275276 0.0003592452766522173 0.00035982624274725166
 17.25740444750668 5.76E-10 3.095277960009737 0.0003604136019236091 0.00036100013365589553
 17.27785160917434 5.76E-10 3.095300845116731 0.00036159320534200924 0.0003621854407045597
 17.298298770842003 5.76E-10 3.09532380577486 0.0003627842591149174 0.0003633823499276249
 17.318745932509664 5.76E-10 3.095346842726855 0.00036398702164752505 0.0003645910518691478
 17.339193094177325 5.76E-10 3.0953699567318327 0.0003652017513957476 0.00036581174170382505
 17.359640255844987 5.76E-10 3.095393148554369 0.00036642853416735436 0.0003670446187755897
 17.38008741751265 5.76E-10 3.0954164189754247 0.0003676676283911947 0.0003682898872965258
 17.400534579180313 5.76E-10 3.095439768781423 0.0003689191198924531 0.0003695477558857938
 17.420981740847974 5.76E-10 3.09546319878609 0.0003701834395989808 0.0003708184388775592
 17.441428902515636 5.76E-10 3.0954867098031573 0.00037146058709572154 0.000372102154982775
 17.461876064183297 5.76E-10 3.0955103026736572 0.00037275099322829267 0.00037339912891319593
 17.48232322585096 5.76E-10 3.095533978238626 0.00037405465756180873 0.0003747095900325274
 17.502770387518623 5.76E-10 3.095557737360942 0.0003753719246581962 0.0003760337737042362
 17.523217549186285 5.76E-10 3.0955815809253315 0.0003767031391888866 0.00037737192146310497
 17.543664710853946 5.76E-10 3.0956055098219797 0.0003780483868445908 0.0003787242802586417
 17.564111872521607 5.76E-10 3.0956295249574572 0.00037940792595941126 0.00038009110323278727
 17.58455903418927 5.76E-10 3.095653627260179 0.0003807821010799103 0.0003814726502102368
 17.60500619585693 5.76E-10 3.095677817674942 0.00038217117046042507 0.0003828691875764546
 17.625453357524595 5.76E-10 3.09570209715747 0.00038357530611603783 0.0003842809881488569
 17.645900519192256 5.76E-10 3.095726466685328 0.00038499485254863113 0.00038570833200544084
 17.666347680859918 5.76E-10 3.095750927257929 0.00038643015426321624 0.00038715150670033465
 17.68679484252758 5.76E-10 3.0957754798801416 0.00038788129686024073 0.0003886108065080242
 17.70724200419524 5.76E-10 3.095800125595073 0.00038934888377806454 0.00039008653459119303
 17.727689165862902 5.76E-10 3.09582486544582 0.0003908329141944578 0.00039157900095836145
 17.748136327530567 5.76E-10 3.095849700508255 0.0003923339052462396 0.00039308852466581875
 17.768583489198228 5.76E-10 3.0958746318746293 0.00039385211498386475 0.00039461543309027373
 17.78903065086589 5.76E-10 3.0958996606535796 0.000395387801554403 0.0003961600621836769
 17.80947781253355 5.76E-10 3.0959247879865104 0.00039694148189997744 0.0003977227577622126
 17.829924974201212 5.76E-10 3.09595001503121 0.00039851341409936767 0.0003993038747876938
 17.850372135868874 5.76E-10 3.0959753429618506 0.0004001038562361288 0.00040090377765166586
 17.87081929753654 5.76E-10 3.096000772990832 0.00040171341140564804 0.00040252284187330874
 17.8912664592042 5.76E-10 3.0960263063360167 0.0004033421651377872 0.00040416145234669916
 17.91171362087186 5.76E-10 3.096051944253495 0.0004049907204899855 0.0004058200057667957
 17.932160782539523 5.76E-10 3.0960776880212038 0.00040665942174624364 0.0004074989099461084
 17.952607944207184 5.76E-10 3.096103538944385 0.00040834869939042735 0.00040919858453878033
 17.973055105874845 5.76E-10 3.096129498355587 0.00041005898389553415 0.00041091946143343545
 17.99350226754251 5.76E-10 3.096155567609203 0.00041179061944780624 0.0004126619847949048
 18.01394942921017 5.76E-10 3.0961817480923943 0.0004135441227332399 0.00041442661221334775
 18.034396590877833 5.76E-10 3.096208041230552 0.000415320096717562 0.0004162138155386868
 18.054843752545494 5.76E-10 3.09623444846545 0.0004171187992043632 0.00041802407986506684
 18.075290914213156 5.76E-10 3.096260971277089 0.00041894083304759404 0.00041985790550074507
 18.095738075880817 5.76E-10 3.096287611172779 0.00042078662860028904 0.0004217158077360003
 18.11618523754848 5.76E-10 3.096314369698059 0.00042265678868145493 0.00042359831814043074
 18.136632399216143 5.76E-10 3.0963412484366946 0.0004245519160259088 0.00042550598514133246
 18.157079560883805 5.76E-10 3.096368248994297 0.0004264723546010406 0.00042743937345184437
 18.177526722551466 5.76E-10 3.0963953730256315 0.0004284188796730837 0.0004293990666340906
 18.197973884219127 5.76E-10 3.0964226222182267 0.0004303920076036677 0.00043138566659225763
 18.21842104588679 5.76E-10 3.096449998292383 0.0004323922548264532 0.0004333997942443766
 18.23886820755445 5.76E-10 3.0964775030284706 0.0004344205688993418 0.0004354420922645988
 18.259315369222115 5.76E-10 3.0965051382177853 0.0004364771211584773 0.0004375132222031986
 18.279762530889776 5.76E-10 3.0965329057226185 0.0004385630316404775 0.00043961386975581825
 18.300209692557438 5.76E-10 3.096560807432567 0.0004406787302892181 0.00044174474234520944
 18.3206568542251 5.76E-10 3.0965888452918415 0.00044282507834141 0.00044390657206665564
 18.34110401589276 5.76E-10 3.096617021282881 0.000445002678151356 0.0004461001153706559
 18.361551177560422 5.76E-10 3.096645337448199 0.0004472124771014197 0.0004483261557432863
 18.381998339228087 5.76E-10 3.096673795868536 0.0004494550774577629 0.00045058550303995684
 18.402445500895748 5.76E-10 3.0967023986847075 0.0004517314264788519 0.0004528789962997805
 18.42289266256341 5.76E-10 3.096731148092144 0.0004540423851537135 0.0004552075044867276
 18.44333982423107 5.76E-10 3.096760046340884 0.0004563888143033536 0.0004575719277148494
 18.463786985898732 5.76E-10 3.096789095741045 0.00045877166107637595 0.0004599731989900513
 18.484234147566394 5.76E-10 3.096818298651892 0.0004611916999472088 0.0004624122846674435
 18.50468130923406 5.76E-10 3.096847657509149 0.00046365013663885894 0.00046489018816912604
 18.52512847090172 5.76E-10 3.096877174808614 0.0004661479180459252 0.00046740795017348056
 18.54557563256938 5.76E-10 3.096906853111619 0.0004686860772110872 0.000469966650690394
 18.566022794237043 5.76E-10 3.0969366950504953 0.0004712657334383254 0.0004725674112550854
 18.586469955904704 5.76E-10 3.096966703334029 0.0004738880920834111 0.00047521139724455394
 18.606917117572365 5.76E-10 3.0969968807365436 0.0004765541860433611 0.00047789981885459383
 18.62736427924003 5.76E-10 3.0970272301142785 0.000479265306762778 0.00048063393459975393
 18.64781144090769 5.76E-10 3.0970577544163183 0.0004820229181982492 0.00048341505452158826
 18.668258602575353 5.76E-10 3.0970884566627426 0.00048482813916807575 0.0004862445405493493
 18.688705764243014 5.76E-10 3.0971193399610093 0.00048768234711318365 0.0004891238104463439
 18.709152925910676 5.76E-10 3.097150407527804 0.0004905872644053479 0.0004920543425199337
 18.729600087578337 5.76E-10 3.0971816626508084 0.0004935440095921616 0.00049503767486023
 18.750047249246002 5.76E-10 3.097213108737851 0.0004965544772596614 0.0004980754129858277
 18.770494410913663 5.76E-10 3.0972447492896023 0.0004996201306952004 0.0005011692304786909
 18.790941572581325 5.76E-10 3.097276587915959 0.0005027426918185734 0.0005043208739798936
 18.811388734248986 5.76E-10 3.0973086283524265 0.0005059241410798974 0.0005075321685098778
 18.831835895916647 5.76E-10 3.0973408744328106 0.0005091660276045529 0.0005108050186776291
 18.85228305758431 5.76E-10 3.0973733301274513 0.0005124705041055019 0.0005141414167124823
 18.872730219251974 5.76E-10 3.097405999532299 0.0005158395506535898 0.0005175434459052763
 18.893177380919635 5.76E-10 3.097438886885292 0.0005192754057734094 0.0005210132871564335
 18.913624542587296 5.76E-10 3.097471996555444 0.0005227801355228818 0.0005245532230397852
 18.934071704254958 5.76E-10 3.097505333064681 0.0005263561505725545 0.0005281656456913084
 18.95451886592262 5.76E-10 3.0975389010878467 0.0005300058615185807 0.0005318530628473598
 18.97496602759028 5.76E-10 3.097572705463621 0.0005337318511623617 0.0005356181055163419
 18.995413189257945 5.76E-10 3.0976067512109045 0.0005375369607939243 0.0005394635368263687
 19.015860350925607 5.76E-10 3.097641043517901 0.0005414238591107255 0.0005433922583617198
 19.036307512593268 5.76E-10 3.097675587758493 0.0005453954731465136 0.0005474073201321221
 19.05675467426093 5.76E-10 3.0977103895195555 0.0005494551609458694 0.0005515119325887638
 19.07720183592859 5.76E-10 3.0977454545791043 0.0005536059353059198 0.0005557094736405541
 19.097648997596252 5.76E-10 3.097780788949994 0.0005578514986520372 0.0005600035041797868
 19.118096159263914 5.76E-10 3.0978163988635274 0.0005621952943754397 0.0005643977773862188
 19.13854332093158 5.76E-10 3.097852290813146 0.0005666414553309248 0.0005688962563137149
 19.15899048259924 5.76E-10 3.097888471538052 0.0005711938554890579 0.0005735031252160145
 19.1794376442669 5.76E-10 3.097924948045049 0.0005758567133083286 0.000578222806726493
 19.199884805934563 5.76E-10 3.097961727646768 0.0005806348503447182 0.0005830599826405018
 19.220331967602224 5.76E-10 3.0979988179507507 0.0005855329154525868 0.0005880196098616075
 19.240779129269885 5.76E-10 3.0980362268867543 0.0005905559881135669 0.0005931069428894194
 19.26122629093755 5.76E-10 3.098073962728594 0.0005957094922149575 0.0005983275575157995
 19.28167345260521 5.76E-10 3.0981120341214514 0.0006009992822629437 0.0006036873774018925
 19.302120614272873 5.76E-10 3.0981504500927985 0.000606431384719678 0.0006091927006832956
 19.322567775940534 5.76E-10 3.0981892200851595 0.0006120123426860954 0.0006148502321997796
 19.343014937608196 5.76E-10 3.098228353977964 0.0006177490436647758 0.0006206671171196586
 19.363462099275857 5.76E-10 3.098267862109384 0.0006236487192516557 0.0006266509777371986
 19.383909260943522 5.76E-10 3.098307755341876 0.0006297196349750196 0.0006328099606346965
 19.404356422611183 5.76E-10 3.098348045045792 0.0006359697969731126 0.0006391527755727969
 19.424803584278845 5.76E-10 3.098388743175841 0.0006424084175084249 0.0006456887532133801
 19.445250745946506 5.76E-10 3.0984298623093145 0.0006490453114459502 0.0006524279025699774
 19.465697907614167 5.76E-10 3.098471415662474 0.0006558905513545454 0.0006593809707941793
 19.48614506928183 5.76E-10 3.098513417167004 0.0006629554156249285 0.0006665595196537187
 19.506592230949494 5.76E-10 3.098555881519169 0.0006702519574775929 0.0006739760056801425
 19.527039392617155 5.76E-10 3.0985988242344202 0.0006777930908763607 0.0006816438702652988
 19.547486554284816 5.76E-10 3.098642261712936 0.0006855927629794873 0.0006895776420930091
 19.567933715952478 5.76E-10 3.098686211316077 0.0006936661263024766 0.0006977930536685017
 19.58838087762014 5.76E-10 3.098730691442841 0.000702029538568173 0.0007063071718646001
 19.6088280392878 5.76E-10 3.0987757216172525 0.0007107007350892832 0.0007151385467150296
 19.629275200955465 5.76E-10 3.0988213226030363 0.0007196992592477979 0.0007243073845405904
 19.649722362623127 5.76E-10 3.098867516491009 0.000729046031657657 0.0007338357378973649
 19.670169524290788 5.76E-10 3.098914326846527 0.0007387642978147045 0.0007437477335531331
 19.69061668595845 5.76E-10 3.0989617788296377 0.0007488791969715201 0.0007540698257459674
 19.71106384762611 5.76E-10 3.0990098993589115 0.0007594184512358877 0.0007648310948195421
 19.731511009293772 5.76E-10 3.0990587172971336 0.0007704127102109995 0.0007760635942024966
 19.751958170961437 5.76E-10 3.0991082636424405 0.0007818956364840622 0.0007878027504170926
 19.7724053326291 5.76E-10 3.0991585717576995 0.0007939045087143241 0.0008000878339199744
 19.79285249429676 5.76E-10 3.099209677632642 0.0008064807379934337 0.0008129625128901862
 19.81329965596442 5.76E-10 3.0992616201842402 0.0008196704707101699 0.0008264755077262115
 19.833746817632083 5.76E-10 3.0993144416062237 0.0008335253633111299 0.0008406813696772213
 19.854193979299744 5.76E-10 3.0993681877568338 0.0008481031848219093 0.0008556414066336268
 19.87464114096741 5.76E-10 3.0994229086230205 0.0008634690221511079 0.000871424799205289
 19.89508830263507 5.76E-10 3.0994786588665835 0.0008796965719435336 0.0008881099518801025
 19.91553546430273 5.76E-10 3.0995354984631316 0.0008968696038087745 0.0009057861379660567
 19.935982625970393 5.76E-10 3.0995934934502753 0.0009150836822276736 0.0009245555155581024
 19.956429787638054 5.76E-10 3.0996527168068915 0.0009344482327086901 0.0009445356165007762
 19.976876949305716 5.76E-10 3.099713249545381 0.0009550899000644636 0.000965862463564159
 19.997324110973377 5.76E-10 3.0997751819950583 0.0009771555610641398 0.000988694483163459
 20.017771272641042 5.76E-10 3.0998386153640802 0.001000816715557375 0.0010132174801161951
 20.038218434308703 5.76E-10 3.0999036636891115 0.0010262755993305308 0.0010396510460087102
 20.058665595976365 5.76E-10 3.0999704562218997 0.001053772071525096 0.0010682568875351526
 20.079112757644026 5.76E-10 3.100039140432973 0.0010835933435004014 0.0010993498150859084
 20.099559919311687 5.76E-10 3.10010988581814 0.0011160866347130574 0.0011333124491275674
 20.12000708097935 5.76E-10 3.1001828888136256 0.0011516766502836949 0.00117061524190637
 20.140454242647014 5.76E-10 3.100258379191214 0.0011908889127034347 0.0012118442202445302
 20.160901404314675 5.76E-10 3.100336628561437 0.0012343829947871598 0.0012577402559783095
 20.181348565982336 5.76E-10 3.1004179618859227 0.0012829999585009621 0.0013092559813552007
 20.201795727649998 5.76E-10 3.1005027734133592 0.001337832092457913 0.0013676405561361448
 20.22224288931766 5.76E-10 3.1005915493273637 0.001400328724266157 0.0014345699847596988
 20.24269005098532 5.76E-10 3.100684900869054 0.0014724613528564045 0.0015123550168974055
 20.263137212652985 5.76E-10 3.1007836146462093 0.0015569945942153975 0.0016042879612650225
 20.283584374320647 5.76E-10 3.100888732318593 0.0016579492953985725 0.0017152532328539197
 20.304031535988308 5.76E-10 3.1010016840821697 0.0017814506765799522 0.0018528772383180918
 20.32447869765597 5.76E-10 3.1011245279598825 0.00193739638084984 0.002029888906650471
 20.34492585932363 5.76E-10 3.101260420551737 0.0021431054717819084 0.002269558642123854
 20.365373020991292 5.76E-10 3.101414670370738 0.0024325030626769864 0.002620457200148878
 20.385820182658957 5.76E-10 3.101597611139799 0.00288481277644136 0.003208159506189882
 20.40626734432662 5.76E-10 3.101835825635244 0.003756208582278433 0.0045292559357093184
 20.42671450599428 5.76E-10 3.1023619523194674 0.008295422122575108 0.04895549651763017
