 2.205000047571957 5.539962511770243E-19 0.
 2.2100000474601984 5.325792143103674E-19 0.
 2.2150000473484397 5.118712004531683E-19 0.
 2.220000047236681 4.918487456627481E-19 0.
 2.2250000471249223 4.724891918884747E-19 0.
 2.2300000470131636 4.537706579204178E-19 0.
 2.235000046901405 4.356720114403554E-19 0.
 2.240000046789646 4.1817284213109866E-19 0.
 2.2450000466778874 4.0125343580195855E-19 0.
 2.2500000465661287 3.848947494899603E-19 0.
 2.25500004645437 3.6907838749809366E-19 0.
 2.2600000463426113 3.5378657833347713E-19 0.
 2.2650000462308526 3.39002152509893E-19 0.
 2.270000046119094 3.247085211806147E-19 0.
 2.275000046007335 3.108896555688382E-19 0.
 2.2800000458955765 2.97530067164416E-19 0.
 2.2850000457838178 2.846147886568488E-19 0.
 2.290000045672059 2.7212935557576333E-19 0.
 2.2950000455603004 2.6005978861125246E-19 0.
 2.3000000454485416 2.483925765876048E-19 0.
 2.305000045336783 2.371146600650278E-19 0.
 2.3100000452250242 2.2621341554502185E-19 0.
 2.3150000451132655 2.1567664025601499E-19 0.
 2.320000045001507 2.0549253749686807E-19 0.
 2.325000044889748 1.9564970251673417E-19 0.
 2.3300000447779894 1.8613710891063017E-19 0.
 2.3350000446662307 1.769440955109443E-19 0.
 2.340000044554472 1.6806035375584285E-19 0.
 2.3450000444427133 1.594759155163738E-19 0.
 2.3500000443309546 1.5118114136473407E-19 0.
 2.355000044219196 1.4316670926691214E-19 0.
 2.360000044107437 1.3542360368357385E-19 0.
 2.3650000439956784 1.2794310506369477E-19 0.
 2.3700000438839197 1.2071677971607726E-19 0.
 2.375000043772161 1.1373647004446996E-19 0.
 2.3800000436604023 1.0699428513257504E-19 0.
 2.3850000435486436 1.0048259166577642E-19 0.
 2.390000043436885 9.419400517693765E-20 0.
 2.395000043325126 8.812138160411658E-20 0.
 2.4000000432133675 8.225780914853041E-20 0.
 2.4050000431016088 7.659660042155153E-20 0.
 2.41000004298985 7.113128486996211E-20 0.
 2.4150000428780913 6.585560146911773E-20 0.
 2.4200000427663326 6.076349167406392E-20 0.
 2.425000042654574 5.584909261905343E-20 0.
 2.430000042542815 5.11067305562725E-20 0.
 2.4350000424310565 4.65309145249407E-20 0.
 2.440000042319298 4.2116330242298076E-20 0.
 2.445000042207539 3.785783420832065E-20 0.
 2.4500000420957804 3.3750448016310425E-20 0.
 2.4550000419840217 2.978935286182048E-20 0.
 2.460000041872263 2.5969884242663942E-20 0.
 2.4650000417605042 2.2287526843021842E-20 0.
 2.4700000416487455 1.8737909594953126E-20 0.
 2.475000041536987 1.531680091084106E-20 0.
 2.480000041425228 1.2020104080584366E-20 0.
 2.4850000413134694 8.8438528275522E-21 0.
 2.4900000412017107 5.784207017565057E-21 0.
 2.495000041089952 2.837448515378016E-21 0.
 2.5000000409781933 -2.2816654408363157E-26 0.
 2.5050000408664346 -2.7316929828398655E-21 0.
 2.510000040754676 -5.360937586263558E-21 0.
 2.515000040642917 -7.891025433492514E-21 0.
 2.5200000405311584 -1.0325122016424115E-20 0.
 2.5250000404193997 -1.2666292875671346E-20 0.
 2.530000040307641 -1.491750684970368E-20 0.
 2.5350000401958823 -1.7081639213811044E-20 0.
 2.5400000400841236 -1.916147471280504E-20 0.
 2.545000039972365 -2.1159710491223008E-20 0.
 2.550000039860606 -2.307895892466542E-20 0.
 2.5550000397488475 -2.492175035575806E-20 0.
 2.5600000396370888 -2.6690535738104468E-20 0.
 2.56500003952533 -2.838768919146614E-20 0.
 2.5700000394135714 -3.001551047129301E-20 0.
 2.5750000393018126 -3.1576227355607675E-20 0.
 2.580000039190054 -3.3071997952138184E-20 0.
 2.5850000390782952 -3.4504912928488746E-20 0.
 2.5900000389665365 -3.587699766803316E-20 0.
 2.595000038854778 -3.719021435412109E-20 0.
 2.600000038743019 -3.8446463985088187E-20 0.
 2.6050000386312604 -3.964758832247527E-20 0.
 2.6100000385195017 -4.079537177477012E-20 0.
 2.615000038407743 -4.189154321890444E-20 0.
 2.6200000382959843 -4.2937777761654917E-20 0.
 2.6250000381842256 -4.3935698443023007E-20 0.
 2.630000038072467 -4.488687788358931E-20 0.
 2.635000037960708 -4.579283987776927E-20 0.
 2.6400000378489494 -4.665506093482643E-20 0.
 2.6450000377371907 -4.7474971769433325E-20 0.
 2.650000037625432 -4.82539587435047E-20 0.
 2.6550000375136733 -4.899336526096763E-20 0.
 2.6600000374019146 -4.9694493117073E-20 0.
 2.665000037290156 -5.0358603803794377E-20 0.
 2.670000037178397 -5.098691977280755E-20 0.
 2.6750000370666385 -5.158062565748869E-20 0.
 2.6800000369548798 -5.2140869455319677E-20 0.
 2.685000036843121 -5.266876367203881E-20 0.
 2.6900000367313623 -5.3165386428828596E-20 0.
 2.6950000366196036 -5.363178253378612E-20 0.
 2.700000036507845 -5.406896451887799E-20 0.
 2.705000036396086 -5.447791364353911E-20 0.
 2.7100000362843275 -5.485958086603472E-20 0.
 2.715000036172569 -5.521488778366427E-20 0.
 2.72000003606081 -5.554472754284987E-20 0.
 2.7250000359490514 -5.5849965720114E-20 0.
 2.7300000358372927 -5.613144117491705E-20 0.
 2.735000035725534 -5.63899668752908E-20 0.
 2.7400000356137753 -5.662633069717235E-20 0.
 2.7450000355020165 -5.684129619831016E-20 0.
 2.750000035390258 -5.703560336758513E-20 0.
 2.755000035278499 -5.720996935055939E-20 0.
 2.7600000351667404 -5.736508915203804E-20 0.
 2.7650000350549817 -5.750163631640153E-20 0.
 2.770000034943223 -5.762026358644065E-20 0.
 2.7750000348314643 -5.772160354140075E-20 0.
 2.7800000347197056 -5.780626921491747E-20 0.
 2.785000034607947 -5.787485469350305E-20 0.
 2.790000034496188 -5.792793569621968E-20 0.
 2.7950000343844295 -5.796607013615449E-20 0.
 2.8000000342726707 -5.798979866429003E-20 0.
 2.805000034160912 -5.799964519634362E-20 0.
 2.8100000340491533 -5.799611742312966E-20 0.
 2.8150000339373946 -5.797970730498013E-20 0.
 2.820000033825636 -5.795089155074017E-20 0.
 2.825000033713877 -5.791013208183849E-20 0.
 2.8300000336021185 -5.78578764819152E-20 0.
 2.83500003349036 -5.779455843247342E-20 0.
 2.840000033378601 -5.772059813500543E-20 0.
 2.8450000332668424 -5.763640272002888E-20 0.
 2.8500000331550837 -5.754236664345384E-20 0.
 2.855000033043325 -5.743887207068775E-20 0.
 2.8600000329315662 -5.732628924887107E-20 0.
 2.8650000328198075 -5.720497686762401E-20 0.
 2.870000032708049 -5.707528240867151E-20 0.
 2.87500003259629 -5.693754248470158E-20 0.
 2.8800000324845314 -5.67920831678004E-20 0.
 2.8850000323727727 -5.66392203077959E-20 0.
 2.890000032261014 -5.647925984083088E-20 0.
 2.8950000321492553 -5.631249808847579E-20 0.
 2.9000000320374966 -5.613922204768124E-20 0.
 2.905000031925738 -5.59597096718603E-20 0.
 2.910000031813979 -5.577423014338102E-20 0.
 2.9150000317022204 -5.55830441377407E-20 0.
 2.9200000315904617 -5.538640407968398E-20 0.
 2.925000031478703 -5.518455439151868E-20 0.
 2.9300000313669443 -5.497773173387481E-20 0.
 2.9350000312551856 -5.476616523914417E-20 0.
 2.940000031143427 -5.455007673782994E-20 0.
 2.945000031031668 -5.432968097802898E-20 0.
 2.9500000309199095 -5.410518583826093E-20 0.
 2.9550000308081508 -5.387679253385291E-20 0.
 2.960000030696392 -5.3644695817080316E-20 0.
 2.9650000305846334 -5.340908417125854E-20 0.
 2.9700000304728746 -5.317013999897419E-20 0.
 2.975000030361116 -5.2928039804637655E-20 0.
 2.9800000302493572 -5.2682954371533676E-20 0.
 2.9850000301375985 -5.243504893354034E-20 0.
 2.99000003002584 -5.218448334168188E-20 0.
 2.995000029914081 -5.193141222567488E-20 0.
 3.0000000298023224 -5.1675985150622894E-20 0.
 3.0050000296905637 -5.141834676900899E-20 0.
 3.010000029578805 -5.1158636968131137E-20 0.
 3.0150000294670463 -5.0896991013121104E-20 0.
 3.0200000293552876 -5.063353968568213E-20 0.
 3.025000029243529 -5.036840941867754E-20 0.
 3.03000002913177 -5.0101722426696915E-20 0.
 3.0350000290200114 -4.983359683272369E-20 0.
 3.0400000289082527 -4.956414679102306E-20 0.
 3.045000028796494 -4.9293482606365945E-20 0.
 3.0500000286847353 -4.9021710849701086E-20 0.
 3.0550000285729766 -4.87489344703831E-20 0.
 3.060000028461218 -4.8475252905062076E-20 0.
 3.065000028349459 -4.8200762183335695E-20 0.
 3.0700000282377005 -4.7925555030262846E-20 0.
 3.0750000281259418 -4.764972096583359E-20 0.
 3.080000028014183 -4.737334640148811E-20 0.
 3.0850000279024243 -4.709651473377387E-20 0.
 3.0900000277906656 -4.681930643522777E-20 0.
 3.095000027678907 -4.654179914256691E-20 0.
 3.100000027567148 -4.626406774226972E-20 0.
 3.1050000274553895 -4.5986184453625614E-20 0.
 3.110000027343631 -4.5708218909329954E-20 0.
 3.115000027231872 -4.543023823369788E-20 0.
 3.1200000271201134 -4.5152307118568875E-20 0.
 3.1250000270083547 -4.4874487896971275E-20 0.
 3.130000026896596 -4.4596840614613995E-20 0.
 3.1350000267848372 -4.431942309927061E-20 0.
 3.1400000266730785 -4.4042291028119E-20 0.
 3.14500002656132 -4.3765497993097666E-20 0.
 3.150000026449561 -4.348909556433796E-20 0.
 3.1550000263378024 -4.3213133351729696E-20 0.
 3.1600000262260437 -4.29376590646761E-20 0.
 3.165000026114285 -4.266271857009152E-20 0.
 3.1700000260025263 -4.238835594869482E-20 0.
 3.1750000258907676 -4.2114613549648716E-20 0.
 3.180000025779009 -4.18415320435945E-20 0.
 3.18500002566725 -4.1569150474129545E-20 0.
 3.1900000255554914 -4.129750630777409E-20 0.
 3.1950000254437327 -4.102663548247179E-20 0.
 3.200000025331974 -4.0756572454667634E-20 0.
 3.2050000252202153 -4.04873502450053E-20 0.
 3.2100000251084566 -4.021900048268463E-20 0.
 3.215000024996698 -3.9951553448518995E-20 0.
 3.220000024884939 -3.968503811673075E-20 0.
 3.2250000247731805 -3.941948219552218E-20 0.
 3.2300000246614218 -3.915491216645758E-20 0.
 3.235000024549663 -3.889135332269218E-20 0.
 3.2400000244379044 -3.862882980608108E-20 0.
 3.2450000243261456 -3.836736464320158E-20 0.
 3.250000024214387 -3.8106979780320774E-20 0.
 3.2550000241026282 -3.784769611733901E-20 0.
 3.2600000239908695 -3.758953354073977E-20 0.
 3.265000023879111 -3.7332510955574564E-20 0.
 3.270000023767352 -3.7076646316511514E-20 0.
 3.2750000236555934 -3.6821956657974606E-20 0.
 3.2800000235438347 -3.6568458123400734E-20 0.
 3.285000023432076 -3.631616599363953E-20 0.
 3.2900000233203173 -3.606509471452187E-20 0.
 3.2950000232085586 -3.5815257923620626E-20 0.
 3.3000000230968 -3.5566668476227563E-20 0.
 3.305000022985041 -3.531933847056904E-20 0.
 3.3100000228732824 -3.507327927228283E-20 0.
 3.3150000227615237 -3.482850153817738E-20 0.
 3.320000022649765 -3.458501523929452E-20 0.
 3.3250000225380063 -3.434282968329573E-20 0.
 3.3300000224262476 -3.410195353619172E-20 0.
 3.335000022314489 -3.386239484343429E-20 0.
 3.34000002220273 -3.362416105038899E-20 0.
 3.3450000220909715 -3.3387259022206575E-20 0.
 3.3500000219792128 -3.315169506311051E-20 0.
 3.355000021867454 -3.291747493511768E-20 0.
 3.3600000217556953 -3.2684603876208544E-20 0.
 3.3650000216439366 -3.245308661796249E-20 0.
 3.370000021532178 -3.2222927402674284E-20 0.
 3.375000021420419 -3.199412999996626E-20 0.
 3.3800000213086605 -3.1766697722910784E-20 0.
 3.385000021196902 -3.154063344367739E-20 0.
 3.390000021085143 -3.1315939608718095E-20 0.
 3.3950000209733844 -3.109261825350425E-20 0.
 3.4000000208616257 -3.087067101682789E-20 0.
 3.405000020749867 -3.065009915468009E-20 0.
 3.4100000206381083 -3.0430903553718485E-20 0.
 3.4150000205263495 -3.021308474433585E-20 0.
 3.420000020414591 -2.9996642913341234E-20 0.
 3.425000020302832 -2.9781577916264575E-20 0.
 3.4300000201910734 -2.956788928929603E-20 0.
 3.4350000200793147 -2.935557626086997E-20 0.
 3.440000019967556 -2.914463776290447E-20 0.
 3.4450000198557973 -2.893507244170557E-20 0.
 3.4500000197440386 -2.872687866854654E-20 0.
 3.45500001963228 -2.852005454993088E-20 0.
 3.460000019520521 -2.831459793754867E-20 0.
 3.4650000194087625 -2.8110506437934595E-20 0.
 3.4700000192970037 -2.790777742183668E-20 0.
 3.475000019185245 -2.77064080333036E-20 0.
 3.4800000190734863 -2.7506395198498865E-20 0.
 3.4850000189617276 -2.730773563424961E-20 0.
 3.490000018849969 -2.7110425856337885E-20 0.
 3.49500001873821 -2.6914462187541194E-20 0.
 3.5000000186264515 -2.671984076543027E-20 0.
 3.505000018514693 -2.6526557549930293E-20 0.
 3.510000018402934 -2.6334608330652976E-20 0.
 3.5150000182911754 -2.614398873400548E-20 0.
 3.5200000181794167 -2.5954694230083113E-20 0.
 3.525000018067658 -2.5766720139351576E-20 0.
 3.5300000179558992 -2.5580061639125008E-20 0.
 3.5350000178441405 -2.5394713769845603E-20 0.
 3.540000017732382 -2.5210671441170545E-20 0.
 3.545000017620623 -2.5027929437871727E-20 0.
 3.5500000175088644 -2.4846482425553565E-20 0.
 3.5550000173971057 -2.466632495619425E-20 0.
 3.560000017285347 -2.4487451473515448E-20 0.
 3.5650000171735883 -2.4309856318185264E-20 0.
 3.5700000170618296 -2.413353373285942E-20 0.
 3.575000016950071 -2.395847786706511E-20 0.
 3.580000016838312 -2.3784682781932243E-20 0.
 3.5850000167265534 -2.3612142454776233E-20 0.
 3.5900000166147947 -2.3440850783536722E-20 0.
 3.595000016503036 -2.327080159107639E-20 0.
 3.6000000163912773 -2.3101988629343843E-20 0.
 3.6050000162795186 -2.2934405583404347E-20 0.
 3.61000001616776 -2.276804607534239E-20 0.
 3.615000016056001 -2.2602903668039792E-20 0.
 3.6200000159442425 -2.2438971868832617E-20 0.
 3.6250000158324838 -2.2276244133050772E-20 0.
 3.630000015720725 -2.2114713867443346E-20 0.
 3.6350000156089664 -2.1954374433493254E-20 0.
 3.6400000154972076 -2.1795219150624138E-20 0.
 3.645000015385449 -2.1637241299302714E-20 0.
 3.6500000152736902 -2.148043412403963E-20 0.
 3.6550000151619315 -2.132479083629179E-20 0.
 3.660000015050173 -2.117030461726873E-20 0.
 3.665000014938414 -2.1016968620646212E-20 0.
 3.6700000148266554 -2.08647759751894E-20 0.
 3.6750000147148967 -2.0713719787288326E-20 0.
 3.680000014603138 -2.056379314340831E-20 0.
 3.6850000144913793 -2.041498911245752E-20 0.
 3.6900000143796206 -2.026730074807448E-20 0.
 3.695000014267862 -2.0120721090837334E-20 0.
 3.700000014156103 -1.9975243170397643E-20 0.
 3.7050000140443444 -1.9830860007540587E-20 0.
 3.7100000139325857 -1.9687564616173696E-20 0.
 3.715000013820827 -1.9545350005246608E-20 0.
 3.7200000137090683 -1.940420918060313E-20 0.
 3.7250000135973096 -1.9264135146768433E-20 0.
 3.730000013485551 -1.912512090867246E-20 0.
 3.735000013373792 -1.898715947331209E-20 0.
 3.7400000132620335 -1.8850243851353417E-20 0.
 3.7450000131502748 -1.8714367058676043E-20 0.
 3.750000013038516 -1.8579522117861054E-20 0.
 3.7550000129267573 -1.844570205962451E-20 0.
 3.7600000128149986 -1.8312899924197734E-20 0.
 3.76500001270324 -1.818110876265614E-20 0.
 3.770000012591481 -1.8050321638198314E-20 0.
 3.7750000124797225 -1.7920531627376315E-20 0.
 3.780000012367964 -1.7791731821279235E-20 0.
 3.785000012256205 -1.766391532667089E-20 0.
 3.7900000121444464 -1.7537075267083287E-20 0.
 3.7950000120326877 -1.7411204783867238E-20 0.
 3.800000011920929 -1.7286297037201043E-20 0.
 3.8050000118091702 -1.7162345207058922E-20 0.
 3.8100000116974115 -1.7039342494140116E-20 0.
 3.815000011585653 -1.6917282120759953E-20 0.
 3.820000011473894 -1.679615733170391E-20 0.
 3.8250000113621354 -1.6675961395045958E-20 0.
 3.8300000112503767 -1.6556687602932104E-20 0.
 3.835000011138618 -1.6438329272330283E-20 0.
 3.8400000110268593 -1.632087974574754E-20 0.
 3.8450000109151006 -1.6204332391915542E-20 0.
 3.850000010803342 -1.6088680606445367E-20 0.
 3.855000010691583 -1.597391781245253E-20 0.
 3.8600000105798244 -1.5860037461153103E-20 0.
 3.8650000104680657 -1.5747033032431894E-20 0.
 3.870000010356307 -1.563489803538335E-20 0.
 3.8750000102445483 -1.5523626008826403E-20 0.
 3.8800000101327896 -1.5413210521793555E-20 0.
 3.885000010021031 -1.5303645173995495E-20 0.
 3.890000009909272 -1.5194923596261587E-20 0.
 3.8950000097975135 -1.508703945095733E-20 0.
 3.9000000096857548 -1.4979986432379236E-20 0.
 3.905000009573996 -1.4873758267127956E-20 0.
 3.9100000094622374 -1.4768348714460418E-20 0.
 3.9150000093504786 -1.4663751566621418E-20 0.
 3.92000000923872 -1.4559960649155494E-20 0.
 3.9250000091269612 -1.445696982119966E-20 0.
 3.9300000090152025 -1.4354772975757637E-20 0.
 3.935000008903444 -1.425336403995601E-20 0.
 3.940000008791685 -1.4152736975283137E-20 0.
 3.9450000086799264 -1.40528857778112E-20 0.
 3.9500000085681677 -1.3953804478401962E-20 0.
 3.955000008456409 -1.3855487142896848E-20 0.
 3.9600000083446503 -1.3757927872291685E-20 0.
 3.9650000082328916 -1.3661120802896846E-20 0.
 3.970000008121133 -1.3565060106482997E-20 0.
 3.975000008009374 -1.3469739990413178E-20 0.
 3.9800000078976154 -1.3375154697761531E-20 0.
 3.9850000077858567 -1.3281298507419104E-20 0.
 3.990000007674098 -1.3188165734187258E-20 0.
 3.9950000075623393 -1.309575072885902E-20 0.
 4.000000007450581 -1.300404787828883E-20 0.
 4.005000007338822 -1.2913051605451028E-20 0.
 4.010000007227063 -1.2822756369487487E-20 0.
 4.0150000071153045 -1.2733156665744897E-20 0.
 4.020000007003546 -1.2644247025801708E-20 0.
 4.025000006891787 -1.2556022017485558E-20 0.
 4.030000006780028 -1.2468476244881106E-20 0.
 4.03500000666827 -1.2381604348328884E-20 0.
 4.040000006556511 -1.2295401004415308E-20 0.
 4.045000006444752 -1.2209860925954323E-20 0.
 4.0500000063329935 -1.212497886196079E-20 0.
 4.055000006221235 -1.2040749597616178E-20 0.
 4.060000006109476 -1.1957167954226466E-20 0.
 4.065000005997717 -1.1874228789173019E-20 0.
 4.070000005885959 -1.1791926995856207E-20 0.
 4.0750000057742 -1.1710257503632441E-20 0.
 4.080000005662441 -1.1629215277744594E-20 0.
 4.0850000055506825 -1.1548795319246245E-20 0.
 4.090000005438924 -1.1468992664919849E-20 0.
 4.095000005327165 -1.1389802387189175E-20 0.
 4.100000005215406 -1.1311219594026148E-20 0.
 4.105000005103648 -1.1233239428852359E-20 0.
 4.110000004991889 -1.1155857070435493E-20 0.
 4.11500000488013 -1.1079067732780762E-20 0.
 4.120000004768372 -1.1002866665017705E-20 0.
 4.125000004656613 -1.0927249151282423E-20 0.
 4.130000004544854 -1.0852210510595433E-20 0.
 4.1350000044330955 -1.0777746096735466E-20 0.
 4.140000004321337 -1.0703851298109274E-20 0.
 4.145000004209578 -1.0630521537617506E-20 0.
 4.150000004097819 -1.055775227251714E-20 0.
 4.155000003986061 -1.048553899428032E-20 0.
 4.160000003874302 -1.0413877228449923E-20 0.
 4.165000003762543 -1.0342762534491932E-20 0.
 4.1700000036507845 -1.027219050564482E-20 0.
 4.175000003539026 -1.0202156768766074E-20 0.
 4.180000003427267 -1.013265698417595E-20 0.
 4.185000003315508 -1.006368684549864E-20 0.
 4.19000000320375 -9.995242079501043E-21 0.
 4.195000003091991 -9.927318445929042E-21 0.
 4.200000002980232 -9.85991173734174E-21 0.
 4.2050000028684735 -9.793017778943456E-21 0.
 4.210000002756715 -9.726632428413827E-21 0.
 4.215000002644956 -9.660751575736007E-21 0.
 4.220000002533197 -9.595371143023088E-21 0.
 4.225000002421439 -9.530487084342867E-21 0.
 4.23000000230968 -9.466095385541089E-21 0.
 4.235000002197921 -9.40219206406321E-21 0.
 4.240000002086163 -9.338773168774781E-21 0.
 4.245000001974404 -9.275834779780546E-21 0.
 4.250000001862645 -9.213373008242452E-21 0.
 4.255000001750886 -9.151383996196423E-21 0.
 4.260000001639128 -9.089863916368266E-21 0.
 4.265000001527369 -9.028808971988498E-21 0.
 4.27000000141561 -8.968215396606458E-21 0.
 4.275000001303852 -8.908079453903553E-21 0.
 4.280000001192093 -8.848397437505826E-21 0.
 4.285000001080334 -8.78916567079589E-21 0.
 4.2900000009685755 -8.730380506724321E-21 0.
 4.295000000856817 -8.67203832762049E-21 0.
 4.300000000745058 -8.614135545003023E-21 0.
 4.305000000633299 -8.556668599389871E-21 0.
 4.310000000521541 -8.49963396010804E-21 0.
 4.315000000409782 -8.443028125103115E-21 0.
 4.320000000298023 -8.386847620748517E-21 0.
 4.3250000001862645 -8.331089001654694E-21 0.
 4.330000000074506 -8.275748850478143E-21 0.
 4.334999999962747 -8.220823777730437E-21 0.
 4.339999999850988 -8.166310421587271E-21 0.
 4.34499999973923 -8.112205447697468E-21 0.
 4.349999999627471 -8.05850554899221E-21 0.
 4.354999999515712 -8.005207445494297E-21 0.
 4.3599999994039536 -7.952307884127657E-21 0.
 4.364999999292195 -7.89980363852707E-21 0.
 4.369999999180436 -7.847691508848107E-21 0.
 4.374999999068677 -7.795968321577418E-21 0.
 4.379999998956919 -7.744630929343358E-21 0.
 4.38499999884516 -7.69367621072693E-21 0.
 4.389999998733401 -7.64310107007316E-21 0.
 4.394999998621643 -7.592902437302969E-21 0.
 4.399999998509884 -7.54307726772536E-21 0.
 4.404999998398125 -7.493622541850286E-21 0.
 4.4099999982863665 -7.444535265201884E-21 0.
 4.414999998174608 -7.395812468132355E-21 0.
 4.419999998062849 -7.347451205636391E-21 0.
 4.42499999795109 -7.299448557166206E-21 0.
 4.429999997839332 -7.251801626447184E-21 0.
 4.434999997727573 -7.20450754129421E-21 0.
 4.439999997615814 -7.157563453428635E-21 0.
 4.4449999975040555 -7.11096653829596E-21 0.
 4.449999997392297 -7.064713994884229E-21 0.
 4.454999997280538 -7.018803045543155E-21 0.
 4.459999997168779 -6.973230935803994E-21 0.
 4.464999997057021 -6.927994934200188E-21 0.
 4.469999996945262 -6.883092332088818E-21 0.
 4.474999996833503 -6.83852044347282E-21 0.
 4.4799999967217445 -6.794276604824048E-21 0.
 4.484999996609986 -6.750358174907173E-21 0.
 4.489999996498227 -6.706762534604423E-21 0.
 4.494999996386468 -6.663487086741148E-21 0.
 4.49999999627471 -6.620529255912345E-21 0.
 4.504999996162951 -6.5778864883099566E-21 0.
 4.509999996051192 -6.5355562515511676E-21 0.
 4.514999995939434 -6.493536034507521E-21 0.
 4.519999995827675 -6.4518233471350394E-21 0.
 4.524999995715916 -6.41041572030518E-21 0.
 4.5299999956041574 -6.369310705636812E-21 0.
 4.534999995492399 -6.328505875329075E-21 0.
 4.53999999538064 -6.2879988219951875E-21 0.
 4.544999995268881 -6.2477871584972905E-21 0.
 4.549999995157123 -6.207868517782146E-21 0.
 4.554999995045364 -6.1682405527179166E-21 0.
 4.559999994933605 -6.128900935931815E-21 0.
 4.5649999948218465 -6.089847359648837E-21 0.
 4.569999994710088 -6.0510775355314016E-21 0.
 4.574999994598329 -6.012589194520057E-21 0.
 4.57999999448657 -5.9743800866750984E-21 0.
 4.584999994374812 -5.9364479810192816E-21 0.
 4.589999994263053 -5.8987906653814514E-21 0.
 4.594999994151294 -5.8614059462412364E-21 0.
 4.5999999940395355 -5.824291648574735E-21 0.
 4.604999993927777 -5.787445615701223E-21 0.
 4.609999993816018 -5.750865709130834E-21 0.
 4.614999993704259 -5.714549808413326E-21 0.
 4.619999993592501 -5.678495810987784E-21 0.
 4.624999993480742 -5.642701632033416E-21 0.
 4.629999993368983 -5.607165204321331E-21 0.
 4.634999993257225 -5.571884478067323E-21 0.
 4.639999993145466 -5.536857420785693E-21 0.
 4.644999993033707 -5.502082017144114E-21 0.
 4.649999992921948 -5.46755626881945E-21 0.
 4.65499999281019 -5.4332781943546816E-21 0.
 4.659999992698431 -5.399245829016752E-21 0.
 4.664999992586672 -5.3654572246555185E-21 0.
 4.669999992474914 -5.331910449563663E-21 0.
 4.674999992363155 -5.298603588337644E-21 0.
 4.679999992251396 -5.265534741739636E-21 0.
 4.6849999921396375 -5.232702026560529E-21 0.
 4.689999992027879 -5.2001035754838546E-21 0.
 4.69499999191612 -5.1677375369508154E-21 0.
 4.699999991804361 -5.135602075026251E-21 0.
 4.704999991692603 -5.1036953692656266E-21 0.
 4.709999991580844 -5.0720156145830305E-21 0.
 4.714999991469085 -5.040561021120139E-21 0.
 4.7199999913573265 -5.009329814116215E-21 0.
 4.724999991245568 -4.9783202337790684E-21 0.
 4.729999991133809 -4.9475305351570065E-21 0.
 4.73499999102205 -4.916958988011785E-21 0.
 4.739999990910292 -4.886603876692512E-21 0.
 4.744999990798533 -4.856463500010551E-21 0.
 4.749999990686774 -4.8265361711153925E-21 0.
 4.7549999905750155 -4.7968202173714846E-21 0.
 4.759999990463257 -4.767313980236034E-21 0.
 4.764999990351498 -4.738015815137777E-21 0.
 4.769999990239739 -4.7089240913567004E-21 0.
 4.774999990127981 -4.680037191904695E-21 0.
 4.779999990016222 -4.6513535134071975E-21 0.
 4.784999989904463 -4.6228714659857384E-21 0.
 4.789999989792705 -4.594589473141456E-21 0.
 4.794999989680946 -4.566505971639536E-21 0.
 4.799999989569187 -4.5386194113945596E-21 0.
 4.8049999894574285 -4.510928255356814E-21 0.
 4.80999998934567 -4.4834309793995174E-21 0.
 4.814999989233911 -4.456126072206906E-21 0.
 4.819999989122152 -4.4290120351633274E-21 0.
 4.824999989010394 -4.402087382243133E-21 0.
 4.829999988898635 -4.375350639901575E-21 0.
 4.834999988786876 -4.3488003469665026E-21 0.
 4.8399999886751175 -4.322435054531032E-21 0.
 4.844999988563359 -4.296253325847039E-21 0.
 4.8499999884516 -4.270253736219574E-21 0.
 4.854999988339841 -4.24443487290213E-21 0.
 4.859999988228083 -4.218795334992782E-21 0.
 4.864999988116324 -4.193333733331204E-21 0.
 4.869999988004565 -4.168048690396528E-21 0.
 4.8749999878928065 -4.142938840206066E-21 0.
 4.879999987781048 -4.118002828214899E-21 0.
 4.884999987669289 -4.0932393112162564E-21 0.
 4.88999998755753 -4.068646957242797E-21 0.
 4.894999987445772 -4.044224445468681E-21 0.
 4.899999987334013 -4.019970466112482E-21 0.
 4.904999987222254 -3.995883720340914E-21 0.
 4.909999987110496 -3.97196292017339E-21 0.
 4.914999986998737 -3.948206788387363E-21 0.
 4.919999986886978 -3.924614058424524E-21 0.
 4.924999986775219 -3.901183474297724E-21 0.
 4.929999986663461 -3.877913790498754E-21 0.
 4.934999986551702 -3.854803771906888E-21 0.
 4.939999986439943 -3.831852193698223E-21 0.
 4.944999986328185 -3.80905784125576E-21 0.
 4.949999986216426 -3.7864195100803E-21 0.
 4.954999986104667 -3.7639360057020984E-21 0.
 4.9599999859929085 -3.741606143593248E-21 0.
 4.96499998588115 -3.719428749080864E-21 0.
 4.969999985769391 -3.69740265726097E-21 0.
 4.974999985657632 -3.675526712913191E-21 0.
 4.979999985545874 -3.653799770416111E-21 0.
 4.984999985434115 -3.632220693663426E-21 0.
 4.989999985322356 -3.61078835598081E-21 0.
 4.9949999852105975 -3.589501640043455E-21 0.
 4.999999985098839 -3.568359437794426E-21 0.
 5.00499998498708 -3.547360650363616E-21 0.
 5.009999984875321 -3.5265041879875054E-21 0.
 5.014999984763563 -3.505788969929548E-21 0.
 5.019999984651804 -3.485213924401308E-21 0.
 5.024999984540045 -3.464777988484249E-21 0.
 5.0299999844282866 -3.444480108052224E-21 0.
 5.034999984316528 -3.424319237694656E-21 0.
 5.039999984204769 -3.40429434064036E-21 0.
 5.04499998409301 -3.3844043886820765E-21 0.
 5.049999983981252 -3.364648362101631E-21 0.
 5.054999983869493 -3.3450252495957754E-21 0.
 5.059999983757734 -3.325534048202681E-21 0.
 5.064999983645976 -3.3061737632290586E-21 0.
 5.069999983534217 -3.2869434081779563E-21 0.
 5.074999983422458 -3.2678420046771577E-21 0.
 5.0799999833106995 -3.2488685824082485E-21 0.
 5.084999983198941 -3.2300221790362806E-21 0.
 5.089999983087182 -3.2113018401400782E-21 0.
 5.094999982975423 -3.1927066191431534E-21 0.
 5.099999982863665 -3.1742355772452288E-21 0.
 5.104999982751906 -3.1558877833543888E-21 0.
 5.109999982640147 -3.1376623140198037E-21 0.
 5.1149999825283885 -3.1195582533650728E-21 0.
 5.11999998241663 -3.1015746930221533E-21 0.
 5.124999982304871 -3.083710732065876E-21 0.
 5.129999982193112 -3.0659654769490444E-21 0.
 5.134999982081354 -3.0483380414381083E-21 0.
 5.139999981969595 -3.0308275465494205E-21 0.
 5.144999981857836 -3.0134331204860495E-21 0.
 5.1499999817460775 -2.996153898575161E-21 0.
 5.154999981634319 -2.9789890232059627E-21 0.
 5.15999998152256 -2.961937643768195E-21 0.
 5.164999981410801 -2.9449989165911722E-21 0.
 5.169999981299043 -2.928172004883376E-21 0.
 5.174999981187284 -2.911456078672581E-21 0.
 5.179999981075525 -2.8948503147465154E-21 0.
 5.184999980963767 -2.8783538965940594E-21 0.
 5.189999980852008 -2.8619660143469642E-21 0.
 5.194999980740249 -2.845685864722097E-21 0.
 5.1999999806284904 -2.8295126509641938E-21 0.
 5.204999980516732 -2.8134455827891384E-21 0.
 5.209999980404973 -2.7974838763277394E-21 0.
 5.214999980293214 -2.781626754070021E-21 0.
 5.219999980181456 -2.7658734448099978E-21 0.
 5.224999980069697 -2.750223183590962E-21 0.
 5.229999979957938 -2.734675211651257E-21 0.
 5.2349999798461795 -2.719228776370522E-21 0.
 5.239999979734421 -2.703883131216449E-21 0.
 5.244999979622662 -2.6886375356919866E-21 0.
 5.249999979510903 -2.6734912552830418E-21 0.
 5.254999979399145 -2.6584435614066422E-21 0.
 5.259999979287386 -2.6434937313595557E-21 0.
 5.264999979175627 -2.6286410482673888E-21 0.
 5.2699999790638685 -2.613884801034137E-21 0.
 5.27499997895211 -2.599224284292175E-21 0.
 5.279999978840351 -2.5846587983527166E-21 0.
 5.284999978728592 -2.5701876491567088E-21 0.
 5.289999978616834 -2.55581014822617E-21 0.
 5.294999978505075 -2.541525612615967E-21 0.
 5.299999978393316 -2.5273333648660228E-21 0.
 5.304999978281558 -2.5132327329539597E-21 0.
 5.309999978169799 -2.4992230502481677E-21 0.
 5.31499997805804 -2.4853036554612824E-21 0.
 5.319999977946281 -2.471473892604109E-21 0.
 5.324999977834523 -2.4577331109399285E-21 0.
 5.329999977722764 -2.444080664939246E-21 0.
 5.334999977611005 -2.4305159142349202E-21 0.
 5.339999977499247 -2.4170382235777124E-21 0.
 5.344999977387488 -2.4036469627922393E-21 0.
 5.349999977275729 -2.390341506733303E-21 0.
 5.3549999771639705 -2.377121235242632E-21 0.
 5.359999977052212 -2.363985533106008E-21 0.
 5.364999976940453 -2.350933790010774E-21 0.
 5.369999976828694 -2.3379654005037295E-21 0.
 5.374999976716936 -2.3250797639493998E-21 0.
 5.379999976605177 -2.3122762844886875E-21 0.
 5.384999976493418 -2.299554370997897E-21 0.
 5.3899999763816595 -2.286913437048111E-21 0.
 5.394999976269901 -2.2743529008649632E-21 0.
 5.399999976158142 -2.2618721852887413E-21 0.
 5.404999976046383 -2.2494707177348727E-21 0.
 5.409999975934625 -2.2371479301547535E-21 0.
 5.414999975822866 -2.224903258996931E-21 0.
 5.419999975711107 -2.2127361451686456E-21 0.
 5.4249999755993485 -2.2006460339977056E-21 0.
 5.42999997548759 -2.1886323751947067E-21 0.
 5.434999975375831 -2.17669462281561E-21 0.
 5.439999975264072 -2.1648322352246236E-21 0.
 5.444999975152314 -2.1530446750574517E-21 0.
 5.449999975040555 -2.1413314091848532E-21 0.
 5.454999974928796 -2.129691908676531E-21 0.
 5.459999974817038 -2.1181256487653554E-21 0.
 5.464999974705279 -2.106632108811901E-21 0.
 5.46999997459352 -2.0952107722692985E-21 0.
 5.4749999744817615 -2.08386112664842E-21 0.
 5.479999974370003 -2.0725826634833522E-21 0.
 5.484999974258244 -2.0613748782972007E-21 0.
 5.489999974146485 -2.050237270568196E-21 0.
 5.494999974034727 -2.0391693436960938E-21 0.
 5.499999973922968 -2.0281706049688896E-21 0.
 5.504999973811209 -2.0172405655298295E-21 0.
 5.5099999736994505 -2.00637874034471E-21 0.
 5.514999973587692 -1.9955846481694816E-21 0.
 5.519999973475933 -1.9848578115181336E-21 0.
 5.524999973364174 -1.9741977566308764E-21 0.
 5.529999973252416 -1.963604013442597E-21 0.
 5.534999973140657 -1.953076115551612E-21 0.
 5.539999973028898 -1.9426136001886898E-21 0.
 5.5449999729171395 -1.9322160081863514E-21 0.
 5.549999972805381 -1.9218828839484543E-21 0.
 5.554999972693622 -1.9116137754200385E-21 0.
 5.559999972581863 -1.9014082340574526E-21 0.
 5.564999972470105 -1.8912658147987385E-21 0.
 5.569999972358346 -1.8811860760342835E-21 0.
 5.574999972246587 -1.8711685795777413E-21 0.
 5.579999972134829 -1.8612128906372063E-21 0.
 5.58499997202307 -1.851318577786646E-21 0.
 5.589999971911311 -1.841485212937594E-21 0.
 5.594999971799552 -1.8317123713110894E-21 0.
 5.599999971687794 -1.821999631409877E-21 0.
 5.604999971576035 -1.8123465749908393E-21 0.
 5.609999971464276 -1.8027527870376934E-21 0.
 5.614999971352518 -1.7932178557339182E-21 0.
 5.619999971240759 -1.7837413724359286E-21 0.
 5.624999971129 -1.7743229316464932E-21 0.
 5.6299999710172415 -1.7649621309883762E-21 0.
 5.634999970905483 -1.755658571178231E-21 0.
 5.639999970793724 -1.746411856000715E-21 0.
 5.644999970681965 -1.7372215922828323E-21 0.
 5.649999970570207 -1.728087389868525E-21 0.
 5.654999970458448 -1.7190088615934625E-21 0.
 5.659999970346689 -1.7099856232600782E-21 0.
 5.6649999702349305 -1.7010172936128155E-21 0.
 5.669999970123172 -1.6921034943136018E-21 0.
 5.674999970011413 -1.6832438499175369E-21 0.
 5.679999969899654 -1.6744379878487925E-21 0.
 5.684999969787896 -1.6656855383767391E-21 0.
 5.689999969676137 -1.6569861345922723E-21 0.
 5.694999969564378 -1.6483394123843541E-21 0.
 5.6999999694526196 -1.6397450104167652E-21 0.
 5.704999969340861 -1.6312025701050605E-21 0.
 5.709999969229102 -1.6227117355937268E-21 0.
 5.714999969117343 -1.61427215373355E-21 0.
 5.719999969005585 -1.6058834740591775E-21 0.
 5.724999968893826 -1.5975453487668771E-21 0.
 5.729999968782067 -1.5892574326925035E-21 0.
 5.734999968670309 -1.5810193832896457E-21 0.
 5.73999996855855 -1.5728308606079827E-21 0.
 5.744999968446791 -1.5646915272718162E-21 0.
 5.7499999683350325 -1.5566010484588055E-21 0.
 5.754999968223274 -1.5485590918788792E-21 0.
 5.759999968111515 -1.5405653277533463E-21 0.
 5.764999967999756 -1.5326194287941813E-21 0.
 5.769999967887998 -1.5247210701834934E-21 0.
 5.774999967776239 -1.516869929553181E-21 0.
 5.77999996766448 -1.5090656869647646E-21 0.
 5.7849999675527215 -1.5013080248893983E-21 0.
 5.789999967440963 -1.4935966281880505E-21 0.
 5.794999967329204 -1.4859311840918702E-21 0.
 5.799999967217445 -1.4783113821827183E-21 0.
 5.804999967105687 -1.4707369143738716E-21 0.
 5.809999966993928 -1.463207474890903E-21 0.
 5.814999966882169 -1.4557227602527182E-21 0.
 5.8199999667704105 -1.4482824692527689E-21 0.
 5.824999966658652 -1.4408863029404295E-21 0.
 5.829999966546893 -1.4335339646025328E-21 0.
 5.834999966435134 -1.4262251597450718E-21 0.
 5.839999966323376 -1.418959596075061E-21 0.
 5.844999966211617 -1.4117369834825582E-21 0.
 5.849999966099858 -1.4045570340228436E-21 0.
 5.8549999659881 -1.397419461898749E-21 0.
 5.859999965876341 -1.3903239834431533E-21 0.
 5.864999965764582 -1.3832703171016225E-21 0.
 5.8699999656528234 -1.3762581834152029E-21 0.
 5.874999965541065 -1.3692873050033705E-21 0.
 5.879999965429306 -1.3623574065471191E-21 0.
 5.884999965317547 -1.3554682147722073E-21 0.
 5.889999965205789 -1.3486194584325475E-21 0.
 5.89499996509403 -1.3418108682937329E-21 0.
 5.899999964982271 -1.3350421771167238E-21 0.
 5.9049999648705125 -1.3283131196416616E-21 0.
 5.909999964758754 -1.3216234325718274E-21 0.
 5.914999964646995 -1.314972854557752E-21 0.
 5.919999964535236 -1.3083611261814446E-21 0.
 5.924999964423478 -1.3017879899407751E-21 0.
 5.929999964311719 -1.2952531902339858E-21 0.
 5.93499996419996 -1.2887564733443386E-21 0.
 5.9399999640882015 -1.2822975874248928E-21 0.
 5.944999963976443 -1.2758762824834217E-21 0.
 5.949999963864684 -1.269492310367454E-21 0.
 5.954999963752925 -1.2631454247494514E-21 0.
 5.959999963641167 -1.2568353811121058E-21 0.
 5.964999963529408 -1.2505619367337735E-21 0.
 5.969999963417649 -1.2443248506740282E-21 0.
 5.974999963305891 -1.238123883759348E-21 0.
 5.979999963194132 -1.2319587985689133E-21 0.
 5.984999963082373 -1.2258293594205423E-21 0.
 5.989999962970614 -1.2197353323567353E-21 0.
 5.994999962858856 -1.2136764851308513E-21 0.
 5.999999962747097 -1.207652587193393E-21 0.
 6.004999962635338 -1.2016634096784187E-21 0.
 6.00999996252358 -1.195708725390067E-21 0.
 6.014999962411821 -1.1897883087892016E-21 0.
 6.019999962300062 -1.1839019359801644E-21 0.
 6.0249999621883035 -1.178049384697653E-21 0.
 6.029999962076545 -1.1722304342937014E-21 0.
 6.034999961964786 -1.1664448657247776E-21 0.
 6.039999961853027 -1.1606924615389925E-21 0.
 6.044999961741269 -1.154973005863421E-21 0.
 6.04999996162951 -1.1492862843915215E-21 0.
 6.054999961517751 -1.14363208437068E-21 0.
 6.0599999614059925 -1.1380101945898452E-21 0.
 6.064999961294234 -1.1324204053672835E-21 0.
 6.069999961182475 -1.1268625085384263E-21 0.
 6.074999961070716 -1.1213362974438316E-21 0.
 6.079999960958958 -1.1158415669172445E-21 0.
 6.084999960847199 -1.1103781132737598E-21 0.
 6.08999996073544 -1.104945734298085E-21 0.
 6.0949999606236815 -1.0995442292329092E-21 0.
 6.099999960511923 -1.0941733987673655E-21 0.
 6.104999960400164 -1.0888330450255928E-21 0.
 6.109999960288405 -1.0835229715553998E-21 0.
 6.114999960176647 -1.0782429833170189E-21 0.
 6.119999960064888 -1.072992886671965E-21 0.
 6.124999959953129 -1.067772489371978E-21 0.
 6.129999959841371 -1.062581600548071E-21 0.
 6.134999959729612 -1.0574200306996658E-21 0.
 6.139999959617853 -1.0522875916838181E-21 0.
 6.1449999595060945 -1.0471840967045411E-21 0.
 6.149999959394336 -1.042109360302219E-21 0.
 6.154999959282577 -1.0370631983431034E-21 0.
 6.159999959170818 -1.0320454280089056E-21 0.
 6.16499995905906 -1.02705586778648E-21 0.
 6.169999958947301 -1.0220943374575832E-21 0.
 6.174999958835542 -1.0171606580887348E-21 0.
 6.1799999587237835 -1.0122546520211512E-21 0.
 6.184999958612025 -1.0073761428607729E-21 0.
 6.189999958500266 -1.0025249554683756E-21 0.
 6.194999958388507 -9.97700915949759E-22 0.
 6.199999958276749 -9.929038516460252E-22 0.
 6.20499995816499 -9.881335911239373E-22 0.
 6.209999958053231 -9.833899641663567E-22 0.
 6.2149999579414725 -9.786728017627658E-22 0.
 6.219999957829714 -9.73981936099868E-22 0.
 6.224999957717955 -9.69317200552267E-22 0.
 6.229999957606196 -9.646784296732225E-22 0.
 6.234999957494438 -9.600654591854922E-22 0.
 6.239999957382679 -9.554781259722382E-22 0.
 6.24499995727092 -9.509162680680234E-22 0.
 6.249999957159162 -9.463797246498723E-22 0.
 6.254999957047403 -9.418683360284131E-22 0.
 6.259999956935644 -9.373819436390935E-22 0.
 6.264999956823885 -9.32920390033469E-22 0.
 6.269999956712127 -9.284835188705663E-22 0.
 6.274999956600368 -9.240711749083143E-22 0.
 6.279999956488609 -9.19683203995054E-22 0.
 6.284999956376851 -9.153194530611154E-22 0.
 6.289999956265092 -9.10979770110462E-22 0.
 6.294999956153333 -9.066640042124149E-22 0.
 6.2999999560415745 -9.02372005493434E-22 0.
 6.304999955929816 -8.981036251289759E-22 0.
 6.309999955818057 -8.938587153354198E-22 0.
 6.314999955706298 -8.896371293620559E-22 0.
 6.31999995559454 -8.854387214831443E-22 0.
 6.324999955482781 -8.81263346990041E-22 0.
 6.329999955371022 -8.771108621833841E-22 0.
 6.3349999552592635 -8.729811243653539E-22 0.
 6.339999955147505 -8.688739918319884E-22 0.
 6.344999955035746 -8.64789323865568E-22 0.
 6.349999954923987 -8.607269807270612E-22 0.
 6.354999954812229 -8.566868236486384E-22 0.
 6.35999995470047 -8.526687148262376E-22 0.
 6.364999954588711 -8.48672517412201E-22 0.
 6.3699999544769526 -8.4469809550797E-22 0.
 6.374999954365194 -8.40745314156839E-22 0.
 6.379999954253435 -8.36814039336771E-22 0.
 6.384999954141676 -8.329041379532723E-22 0.
 6.389999954029918 -8.290154778323251E-22 0.
 6.394999953918159 -8.251479277133808E-22 0.
 6.3999999538064 -8.2130135724240955E-22 0.
 6.404999953694642 -8.174756369650088E-22 0.
 6.409999953582883 -8.136706383195632E-22 0.
 6.414999953471124 -8.098862336304724E-22 0.
 6.4199999533593655 -8.061222961014202E-22 0.
 6.424999953247607 -8.023786998087121E-22 0.
 6.429999953135848 -7.9865531969466035E-22 0.
 6.434999953024089 -7.949520315610239E-22 0.
 6.439999952912331 -7.912687120625067E-22 0.
 6.444999952800572 -7.876052387003038E-22 0.
 6.449999952688813 -7.839614898157046E-22 0.
 6.4549999525770545 -7.80337344583747E-22 0.
 6.459999952465296 -7.767326830069234E-22 0.
 6.464999952353537 -7.731473859089414E-22 0.
 6.469999952241778 -7.695813349285273E-22 0.
 6.47499995213002 -7.660344125132934E-22 0.
 6.479999952018261 -7.625065019136417E-22 0.
 6.484999951906502 -7.589974871767294E-22 0.
 6.4899999517947435 -7.555072531404736E-22 0.
 6.494999951682985 -7.520356854276132E-22 0.
 6.499999951571226 -7.485826704398158E-22 0.
 6.504999951459467 -7.451480953518299E-22 0.
 6.509999951347709 -7.417318481056903E-22 0.
 6.51499995123595 -7.38333817404968E-22 0.
 6.519999951124191 -7.349538927090655E-22 0.
 6.524999951012433 -7.315919642275627E-22 0.
 6.529999950900674 -7.2824792291460335E-22 0.
 6.534999950788915 -7.249216604633317E-22 0.
 6.5399999506771564 -7.21613069300374E-22 0.
 6.544999950565398 -7.183220425803617E-22 0.
 6.549999950453639 -7.150484741804994E-22 0.
 6.55499995034188 -7.1179225869518435E-22 0.
 6.559999950230122 -7.0855329143065795E-22 0.
 6.564999950118363 -7.05331468399708E-22 0.
 6.569999950006604 -7.021266863164142E-22 0.
 6.5749999498948455 -6.989388425909325E-22 0.
 6.579999949783087 -6.957678353243224E-22 0.
 6.584999949671328 -6.926135633034202E-22 0.
 6.589999949559569 -6.894759259957479E-22 0.
 6.594999949447811 -6.863548235444652E-22 0.
 6.599999949336052 -6.832501567633668E-22 0.
 6.604999949224293 -6.801618271319118E-22 0.
 6.6099999491125345 -6.770897367902996E-22 0.
 6.614999949000776 -6.74033788534583E-22 0.
 6.619999948889017 -6.709938858118213E-22 0.
 6.624999948777258 -6.679699327152709E-22 0.
 6.6299999486655 -6.649618339796183E-22 0.
 6.634999948553741 -6.6196949497624485E-22 0.
 6.639999948441982 -6.589928217085389E-22 0.
 6.644999948330224 -6.560317208072341E-22 0.
 6.649999948218465 -6.530860995257966E-22 0.
 6.654999948106706 -6.501558657358401E-22 0.
 6.659999947994947 -6.472409279225838E-22 0.
 6.664999947883189 -6.443411951803431E-22 0.
 6.66999994777143 -6.414565772080572E-22 0.
 6.674999947659671 -6.38586984304854E-22 0.
 6.679999947547913 -6.357323273656486E-22 0.
 6.684999947436154 -6.328925178767774E-22 0.
 6.689999947324395 -6.300674679116682E-22 0.
 6.6949999472126365 -6.272570901265424E-22 0.
 6.699999947100878 -6.244612977561547E-22 0.
 6.704999946989119 -6.216800046095635E-22 0.
 6.70999994687736 -6.189131250659378E-22 0.
 6.714999946765602 -6.161605740703953E-22 0.
 6.719999946653843 -6.13422267129874E-22 0.
 6.724999946542084 -6.106981203090394E-22 0.
 6.7299999464303255 -6.079880502262192E-22 0.
 6.734999946318567 -6.052919740493729E-22 0.
 6.739999946206808 -6.02609809492097E-22 0.
 6.744999946095049 -5.999414748096542E-22 0.
 6.749999945983291 -5.9728688879504E-22 0.
 6.754999945871532 -5.946459707750782E-22 0.
 6.759999945759773 -5.920186406065481E-22 0.
 6.7649999456480145 -5.894048186723423E-22 0.
 6.769999945536256 -5.868044258776533E-22 0.
 6.774999945424497 -5.842173836461913E-22 0.
 6.779999945312738 -5.81643613916434E-22 0.
 6.78499994520098 -5.790830391379017E-22 0.
 6.789999945089221 -5.765355822674652E-22 0.
 6.794999944977462 -5.740011667656818E-22 0.
 6.799999944865704 -5.71479716593159E-22 0.
 6.804999944753945 -5.689711562069482E-22 0.
 6.809999944642186 -5.664754105569673E-22 0.
 6.8149999445304275 -5.639924050824487E-22 0.
 6.819999944418669 -5.615220657084181E-22 0.
 6.82499994430691 -5.590643188422008E-22 0.
 6.829999944195151 -5.566190913699513E-22 0.
 6.834999944083393 -5.541863106532162E-22 0.
 6.839999943971634 -5.517659045255205E-22 0.
 6.844999943859875 -5.4935780128898E-22 0.
 6.8499999437481165 -5.4696192971094165E-22 0.
 6.854999943636358 -5.445782190206518E-22 0.
 6.859999943524599 -5.42206598905946E-22 0.
 6.86499994341284 -5.398469995099693E-22 0.
 6.869999943301082 -5.374993514279181E-22 0.
 6.874999943189323 -5.351635857038125E-22 0.
 6.879999943077564 -5.328396338272878E-22 0.
 6.8849999429658055 -5.305274277304152E-22 0.
 6.889999942854047 -5.282268997845459E-22 0.
 6.894999942742288 -5.259379827971802E-22 0.
 6.899999942630529 -5.236606100088601E-22 0.
 6.904999942518771 -5.213947150900875E-22 0.
 6.909999942407012 -5.191402321382643E-22 0.
 6.914999942295253 -5.16897095674658E-22 0.
 6.919999942183495 -5.146652406413893E-22 0.
 6.924999942071736 -5.124446023984469E-22 0.
 6.929999941959977 -5.102351167207187E-22 0.
 6.934999941848218 -5.080367197950514E-22 0.
 6.93999994173646 -5.058493482173324E-22 0.
 6.944999941624701 -5.036729389895924E-22 0.
 6.949999941512942 -5.015074295171292E-22 0.
 6.954999941401184 -4.99352757605659E-22 0.
 6.959999941289425 -4.972088614584841E-22 0.
 6.964999941177666 -4.9507567967368485E-22 0.
 6.9699999410659075 -4.929531512413341E-22 0.
 6.974999940954149 -4.908412155407315E-22 0.
 6.97999994084239 -4.887398123376594E-22 0.
 6.984999940730631 -4.866488817816611E-22 0.
 6.989999940618873 -4.845683644033374E-22 0.
 6.994999940507114 -4.824982011116686E-22 0.
 6.999999940395355 -4.804383331913505E-22 0.
 7.0049999402835965 -4.783887023001576E-22 0.
 7.009999940171838 -4.763492504663216E-22 0.
 7.014999940060079 -4.743199200859314E-22 0.
 7.01999993994832 -4.723006539203562E-22 0.
 7.024999939836562 -4.7029139509368195E-22 0.
 7.029999939724803 -4.682920870901732E-22 0.
 7.034999939613044 -4.663026737517525E-22 0.
 7.0399999395012856 -4.643230992754977E-22 0.
 7.044999939389527 -4.623533082111586E-22 0.
 7.049999939277768 -4.603932454586964E-22 0.
 7.054999939166009 -4.584428562658356E-22 0.
 7.059999939054251 -4.565020862256393E-22 0.
 7.064999938942492 -4.545708812741031E-22 0.
 7.069999938830733 -4.526491876877622E-22 0.
 7.074999938718975 -4.507369520813238E-22 0.
 7.079999938607216 -4.488341214053126E-22 0.
 7.084999938495457 -4.469406429437342E-22 0.
 7.0899999383836985 -4.450564643117603E-22 0.
 7.09499993827194 -4.431815334534272E-22 0.
 7.099999938160181 -4.413157986393532E-22 0.
 7.104999938048422 -4.394592084644748E-22 0.
 7.109999937936664 -4.376117118457969E-22 0.
 7.114999937824905 -4.357732580201645E-22 0.
 7.119999937713146 -4.339437965420452E-22 0.
 7.1249999376013875 -4.321232772813356E-22 0.
 7.129999937489629 -4.303116504211778E-22 0.
 7.13499993737787 -4.285088664557961E-22 0.
 7.139999937266111 -4.267148761883501E-22 0.
 7.144999937154353 -4.249296307288015E-22 0.
 7.149999937042594 -4.231530814917996E-22 0.
 7.154999936930835 -4.2138518019458074E-22 0.
 7.1599999368190765 -4.1962587885488603E-22 0.
 7.164999936707318 -4.178751297888909E-22 0.
 7.169999936595559 -4.1613288560915523E-22 0.
 7.1749999364838 -4.1439909922258343E-22 0.
 7.179999936372042 -4.1267372382840493E-22 0.
 7.184999936260283 -4.1095671291616576E-22 0.
 7.189999936148524 -4.0924802026373792E-22 0.
 7.194999936036766 -4.0754759993534295E-22 0.
 7.199999935925007 -4.058554062795888E-22 0.
