 2.405000095255673 1.1124398989673382E-8 0.
 2.4100000951439142 1.0738942436696863E-8 0.
 2.4150000950321555 1.0365803141768889E-8 0.
 2.420000094920397 1.0004583027367162E-8 0.
 2.425000094808638 9.654897374720869E-9 0.
 2.4300000946968794 9.316374354342518E-9 0.
 2.4350000945851207 8.988654573876865E-9 0.
 2.440000094473362 8.671390642596436E-9 0.
 2.4450000943616033 8.364246751900765E-9 0.
 2.4500000942498446 8.066898271202166E-9 0.
 2.455000094138086 7.779031358605953E-9 0.
 2.460000094026327 7.50034258581674E-9 0.
 2.4650000939145684 7.230538576725454E-9 0.
 2.4700000938028097 6.969335659153726E-9 0.
 2.475000093691051 6.716459529252955E-9 0.
 2.4800000935792923 6.471644928075874E-9 0.
 2.4850000934675336 6.2346353298573245E-9 0.
 2.490000093355775 6.0051826415597635E-9 0.
 2.495000093244016 5.783046913256383E-9 0.
 2.5000000931322575 5.567996058942072E-9 0.
 2.5050000930204988 5.359805587378172E-9 0.
 2.51000009290874 5.1582583425931115E-9 0.
 2.5150000927969813 4.9631442536756085E-9 0.
 2.5200000926852226 4.774260093511495E-9 0.
 2.525000092573464 4.591409246128903E-9 0.
 2.530000092461705 4.4144014823300155E-9 0.
 2.5350000923499465 4.243052743299643E-9 0.
 2.540000092238188 4.077184931893622E-9 0.
 2.545000092126429 3.916625711321103E-9 0.
 2.5500000920146704 3.761208310946321E-9 0.
 2.5550000919029117 3.610771338945854E-9 0.
 2.560000091791153 3.465158601567723E-9 0.
 2.5650000916793942 3.3242189287486816E-9 0.
 2.5700000915676355 3.1878060058550374E-9 0.
 2.575000091455877 3.0557782113219104E-9 0.
 2.580000091344118 2.927998459974196E-9 0.
 2.5850000912323594 2.8043340518208086E-9 0.
 2.5900000911206007 2.684656526122111E-9 0.
 2.595000091008842 2.568841520537645E-9 0.
 2.6000000908970833 2.456768635169079E-9 0.
 2.6050000907853246 2.34832130132004E-9 0.
 2.610000090673566 2.2433866548015566E-9 0.
 2.615000090561807 2.1418554136180747E-9 0.
 2.6200000904500484 2.0436217598755664E-9 0.
 2.6250000903382897 1.9485832257589962E-9 0.
 2.630000090226531 1.856640583432452E-9 0.
 2.6350000901147723 1.7676977387205088E-9 0.
 2.6400000900030136 1.6816616284349426E-9 0.
 2.645000089891255 1.5984421212159502E-9 0.
 2.650000089779496 1.5179519217619197E-9 0.
 2.6550000896677375 1.440106478326573E-9 0.
 2.6600000895559788 1.3648238933667721E-9 0.
 2.66500008944422 1.292024837228735E-9 0.
 2.6700000893324614 1.2216324647644967E-9 0.
 2.6750000892207026 1.1535723347745366E-9 0.
 2.680000089108944 1.0877723321763905E-9 0.
 2.6850000889971852 1.0241625928026408E-9 0.
 2.6900000888854265 9.62675430735495E-10 0.
 2.695000088773668 9.032452680883167E-10 0.
 2.700000088661909 8.458085671480439E-10 0.
 2.7050000885501504 7.903037647953865E-10 0.
 2.7100000884383917 7.366712091229123E-10 0.
 2.715000088326633 6.848530981739446E-10 0.
 2.7200000882148743 6.347934207281009E-10 0.
 2.7250000881031156 5.864378990620018E-10 0.
 2.730000087991357 5.397339336162223E-10 0.
 2.735000087879598 4.946305495021921E-10 0.
 2.7400000877678394 4.51078344785052E-10 0.
 2.7450000876560807 4.09029440480853E-10 0.
 2.750000087544322 3.6843743220874134E-10 0.
 2.7550000874325633 3.292573434408504E-10 0.
 2.7600000873208046 2.9144558029477803E-10 0.
 2.765000087209046 2.5495988781544345E-10 0.
 2.770000087097287 2.1975930769508418E-10 0.
 2.7750000869855285 1.8580413738197978E-10 0.
 2.7800000868737698 1.5305589053025302E-10 0.
 2.785000086762011 1.214772587448329E-10 0.
 2.7900000866502523 9.103207457728953E-11 0.
 2.7950000865384936 6.168527572982657E-11 0.
 2.800000086426735 3.3402870426268715E-11 0.
 2.805000086314976 6.151903910325425E-12 0.
 2.8100000862032175 -2.0099573967172055E-11 0.
 2.815000086091459 -4.538254010900155E-11 0.
 2.8200000859797 -6.9727028515863E-11 0.
 2.8250000858679414 -9.316215964868424E-11 0.
 2.8300000857561827 -1.157161688420164E-10 0.
 2.835000085644424 -1.374164338005584E-10 0.
 2.8400000855326653 -1.5828950120964615E-10 0.
 2.8450000854209065 -1.7836111248948083E-10 0.
 2.850000085309148 -1.976562287218337E-10 0.
 2.855000085197389 -2.1619905477694177E-10 0.
 2.8600000850856304 -2.3401306266736453E-10 0.
 2.8650000849738717 -2.511210141545998E-10 0.
 2.870000084862113 -2.675449826333867E-10 0.
 2.8750000847503543 -2.833063743177475E-10 0.
 2.8800000846385956 -2.9842594875198543E-10 0.
 2.885000084526837 -3.129238386690375E-10 0.
 2.890000084415078 -3.2681956921782237E-10 0.
 2.8950000843033195 -3.4013207658046425E-10 0.
 2.9000000841915607 -3.528797259995576E-10 0.
 2.905000084079802 -3.650803292349368E-10 0.
 2.9100000839680433 -3.7675116146874925E-10 0.
 2.9150000838562846 -3.8790897767698015E-10 0.
 2.920000083744526 -3.985700284849577E-10 0.
 2.925000083632767 -4.0875007552376635E-10 0.
 2.9300000835210085 -4.184644063039169E-10 0.
 2.93500008340925 -4.277278486220515E-10 0.
 2.940000083297491 -4.3655478451594794E-10 0.
 2.9450000831857324 -4.449591637825469E-10 0.
 2.9500000830739737 -4.5295451707322814E-10 0.
 2.955000082962215 -4.605539685800922E-10 0.
 2.9600000828504562 -4.677702483265121E-10 0.
 2.9650000827386975 -4.746157040748072E-10 0.
 2.970000082626939 -4.811023128634128E-10 0.
 2.97500008251518 -4.872416921855423E-10 0.
 2.9800000824034214 -4.93045110820904E-10 0.
 2.9850000822916627 -4.985234993316683E-10 0.
 2.990000082179904 -5.036874602334868E-10 0.
 2.9950000820681453 -5.085472778520102E-10 0.
 3.0000000819563866 -5.131129278750089E-10 0.
 3.005000081844628 -5.17394086609847E-10 0.
 3.010000081732869 -5.214001399557481E-10 0.
 3.0150000816211104 -5.251401920999682E-10 0.
 3.0200000815093517 -5.286230739466908E-10 0.
 3.025000081397593 -5.318573512871701E-10 0.
 3.0300000812858343 -5.348513327193536E-10 0.
 3.0350000811740756 -5.376130773249545E-10 0.
 3.040000081062317 -5.401504021116755E-10 0.
 3.045000080950558 -5.424708892280301E-10 0.
 3.0500000808387995 -5.445818929579603E-10 0.
 3.0550000807270408 -5.464905465022213E-10 0.
 3.060000080615282 -5.482037685532598E-10 0.
 3.0650000805035233 -5.497282696701041E-10 0.
 3.0700000803917646 -5.510705584595659E-10 0.
 3.075000080280006 -5.522369475698438E-10 0.
 3.0800000801682472 -5.532335595024243E-10 0.
 3.0850000800564885 -5.540663322479804E-10 0.
 3.09000007994473 -5.547410247517841E-10 0.
 3.095000079832971 -5.552632222139655E-10 0.
 3.1000000797212124 -5.556383412297834E-10 0.
 3.1050000796094537 -5.558716347748979E-10 0.
 3.110000079497695 -5.559681970404795E-10 0.
 3.1150000793859363 -5.559329681228287E-10 0.
 3.1200000792741776 -5.557707385720297E-10 0.
 3.125000079162419 -5.55486153804016E-10 0.
 3.13000007905066 -5.550837183802862E-10 0.
 3.1350000789389014 -5.545678001593672E-10 0.
 3.1400000788271427 -5.539426343239933E-10 0.
 3.145000078715384 -5.532123272878433E-10 0.
 3.1500000786036253 -5.523808604855527E-10 0.
 3.1550000784918666 -5.514520940495943E-10 0.
 3.160000078380108 -5.504297703775179E-10 0.
 3.165000078268349 -5.493175175929141E-10 0.
 3.1700000781565905 -5.481188529033682E-10 0.
 3.1750000780448318 -5.468371858585658E-10 0.
 3.180000077933073 -5.454758215116065E-10 0.
 3.1850000778213143 -5.440379634864891E-10 0.
 3.1900000777095556 -5.425267169546366E-10 0.
 3.195000077597797 -5.409450915232364E-10 0.
 3.200000077486038 -5.392960040380866E-10 0.
 3.2050000773742795 -5.375822813035518E-10 0.
 3.210000077262521 -5.358066627221479E-10 0.
 3.215000077150762 -5.339718028562029E-10 0.
 3.2200000770390034 -5.32080273913953E-10 0.
 3.2250000769272447 -5.301345681623707E-10 0.
 3.230000076815486 -5.281371002689393E-10 0.
 3.2350000767037272 -5.260902095745247E-10 0.
 3.2400000765919685 -5.239961622994273E-10 0.
 3.24500007648021 -5.218571536846291E-10 0.
 3.250000076368451 -5.196753100701903E-10 0.
 3.2550000762566924 -5.174526909126886E-10 0.
 3.2600000761449337 -5.151912907435335E-10 0.
 3.265000076033175 -5.12893041069934E-10 0.
 3.2700000759214163 -5.105598122202393E-10 0.
 3.2750000758096576 -5.081934151353213E-10 0.
 3.280000075697899 -5.057956031076144E-10 0.
 3.28500007558614 -5.03368073469379E-10 0.
 3.2900000754743814 -5.009124692317072E-10 0.
 3.2950000753626227 -4.984303806757383E-10 0.
 3.300000075250864 -4.959233468975118E-10 0.
 3.3050000751391053 -4.93392857307841E-10 0.
 3.3100000750273466 -4.908403530885404E-10 0.
 3.315000074915588 -4.88267228606309E-10 0.
 3.320000074803829 -4.856748327855269E-10 0.
 3.3250000746920705 -4.830644704411819E-10 0.
 3.3300000745803118 -4.804374035731092E-10 0.
 3.335000074468553 -4.777948526226911E-10 0.
 3.3400000743567944 -4.751379976931251E-10 0.
 3.3450000742450356 -4.724679797343378E-10 0.
 3.350000074133277 -4.697859016935887E-10 0.
 3.3550000740215182 -4.670928296327758E-10 0.
 3.3600000739097595 -4.6438979381342394E-10 0.
 3.365000073798001 -4.616777897503074E-10 0.
 3.370000073686242 -4.589577792346291E-10 0.
 3.3750000735744834 -4.5623069132765157E-10 0.
 3.3800000734627247 -4.5349742332564576E-10 0.
 3.385000073350966 -4.507588416970002E-10 0.
 3.3900000732392073 -4.4801578299230626E-10 0.
 3.3950000731274486 -4.452690547282083E-10 0.
 3.40000007301569 -4.425194362457902E-10 0.
 3.405000072903931 -4.397676795442383E-10 0.
 3.4100000727921724 -4.370145100905051E-10 0.
 3.4150000726804137 -4.3426062760567177E-10 0.
 3.420000072568655 -4.3150670682869233E-10 0.
 3.4250000724568963 -4.287533982581722E-10 0.
 3.4300000723451376 -4.260013288728261E-10 0.
 3.435000072233379 -4.232511028312314E-10 0.
 3.44000007212162 -4.205033021514801E-10 0.
 3.4450000720098615 -4.177584873713112E-10 0.
 3.4500000718981028 -4.150171981892907E-10 0.
 3.455000071786344 -4.1227995408758934E-10 0.
 3.4600000716745853 -4.095472549368873E-10 0.
 3.4650000715628266 -4.068195815839266E-10 0.
 3.470000071451068 -4.0409739642221124E-10 0.
 3.475000071339309 -4.0138114394634085E-10 0.
 3.4800000712275505 -3.986712512904521E-10 0.
 3.485000071115792 -3.9596812875122437E-10 0.
 3.490000071004033 -3.932721702958959E-10 0.
 3.4950000708922744 -3.905837540557213E-10 0.
 3.5000000707805157 -3.879032428052885E-10 0.
 3.505000070668757 -3.8523098442810435E-10 0.
 3.5100000705569983 -3.825673123688391E-10 0.
 3.5150000704452395 -3.799125460726184E-10 0.
 3.520000070333481 -3.772669914117277E-10 0.
 3.525000070221722 -3.746309411000974E-10 0.
 3.5300000701099634 -3.720046750959119E-10 0.
 3.5350000699982047 -3.69388460992687E-10 0.
 3.540000069886446 -3.667825543991443E-10 0.
 3.5450000697746873 -3.641871993082026E-10 0.
 3.5500000696629286 -3.6160262845539717E-10 0.
 3.55500006955117 -3.5902906366703083E-10 0.
 3.560000069439411 -3.564667161983458E-10 0.
 3.5650000693276525 -3.5391578706200534E-10 0.
 3.5700000692158937 -3.513764673471587E-10 0.
 3.575000069104135 -3.488489385293583E-10 0.
 3.5800000689923763 -3.463333727715899E-10 0.
 3.5850000688806176 -3.438299332166686E-10 0.
 3.590000068768859 -3.4133877427124473E-10 0.
 3.5950000686571 -3.3886004188166144E-10 0.
 3.6000000685453415 -3.3639387380189196E-10 0.
 3.605000068433583 -3.339403998537822E-10 0.
 3.610000068321824 -3.3149974217982034E-10 0.
 3.6150000682100654 -3.2907201548863964E-10 0.
 3.6200000680983067 -3.266573272934654E-10 0.
 3.625000067986548 -3.242557781437035E-10 0.
 3.6300000678747892 -3.2186746184986573E-10 0.
 3.6350000677630305 -3.1949246570202014E-10 0.
 3.640000067651272 -3.171308706819488E-10 0.
 3.645000067539513 -3.147827516691933E-10 0.
 3.6500000674277544 -3.1244817764115857E-10 0.
 3.6550000673159957 -3.101272118674431E-10 0.
 3.660000067204237 -3.07819912098561E-10 0.
 3.6650000670924783 -3.055263307492103E-10 0.
 3.6700000669807196 -3.0324651507624496E-10 0.
 3.675000066868961 -3.0098050735149866E-10 0.
 3.680000066757202 -2.9872834502960586E-10 0.
 3.6850000666454434 -2.9649006091095905E-10 0.
 3.6900000665336847 -2.9426568329994415E-10 0.
 3.695000066421926 -2.9205523615858183E-10 0.
 3.7000000663101673 -2.898587392557075E-10 0.
 3.7050000661984086 -2.8767620831181464E-10 0.
 3.71000006608665 -2.8550765513968235E-10 0.
 3.715000065974891 -2.8335308778090967E-10 0.
 3.7200000658631325 -2.8121251063846563E-10 0.
 3.7250000657513738 -2.7908592460537354E-10 0.
 3.730000065639615 -2.769733271896335E-10 0.
 3.7350000655278563 -2.7487471263549255E-10 0.
 3.7400000654160976 -2.7279007204116106E-10 0.
 3.745000065304339 -2.7071939347308023E-10 0.
 3.7500000651925802 -2.6866266207683244E-10 0.
 3.7550000650808215 -2.666198601847935E-10 0.
 3.760000064969063 -2.645909674206147E-10 0.
 3.765000064857304 -2.625759608006266E-10 0.
 3.7700000647455454 -2.605748148322479E-10 0.
 3.7750000646337867 -2.585875016094878E-10 0.
 3.780000064522028 -2.566139909056181E-10 0.
 3.7850000644102693 -2.546542502631E-10 0.
 3.7900000642985106 -2.5270824508083885E-10 0.
 3.795000064186752 -2.507759386988437E-10 0.
 3.800000064074993 -2.488572924803632E-10 0.
 3.8050000639632344 -2.469522658915714E-10 0.
 3.8100000638514757 -2.4506081657886863E-10 0.
 3.815000063739717 -2.4318290044386783E-10 0.
 3.8200000636279583 -2.4131847171612795E-10 0.
 3.8250000635161996 -2.3946748302370227E-10 0.
 3.830000063404441 -2.3762988546155783E-10 0.
 3.835000063292682 -2.358056286579303E-10 0.
 3.8400000631809235 -2.339946608386688E-10 0.
 3.8450000630691648 -2.3219692888963052E-10 0.
 3.850000062957406 -2.304123784171761E-10 0.
 3.8550000628456473 -2.2864095380682362E-10 0.
 3.8600000627338886 -2.26882598280109E-10 0.
 3.86500006262213 -2.2513725394970599E-10 0.
 3.870000062510371 -2.234048618728525E-10 0.
 3.8750000623986125 -2.2168536210313416E-10 0.
 3.880000062286854 -2.1997869374066756E-10 0.
 3.885000062175095 -2.1828479498073117E-10 0.
 3.8900000620633364 -2.1660360316088634E-10 0.
 3.8950000619515777 -2.1493505480663072E-10 0.
 3.900000061839819 -2.1327908567562737E-10 0.
 3.9050000617280602 -2.1163563080054705E-10 0.
 3.9100000616163015 -2.1000462453056464E-10 0.
 3.915000061504543 -2.0838600057154836E-10 0.
 3.920000061392784 -2.0677969202497526E-10 0.
 3.9250000612810254 -2.0518563142561393E-10 0.
 3.9300000611692667 -2.0360375077800515E-10 0.
 3.935000061057508 -2.0203398159177715E-10 0.
 3.9400000609457493 -2.0047625491582634E-10 0.
 3.9450000608339906 -1.9893050137139756E-10 0.
 3.950000060722232 -1.9739665118409457E-10 0.
 3.955000060610473 -1.9587463421485033E-10 0.
 3.9600000604987144 -1.9436437998988672E-10 0.
 3.9650000603869557 -1.9286581772969444E-10 0.
 3.970000060275197 -1.9137887637705755E-10 0.
 3.9750000601634383 -1.899034846241531E-10 0.
 3.9800000600516796 -1.8843957093875019E-10 0.
 3.985000059939921 -1.8698706358953432E-10 0.
 3.990000059828162 -1.8554589067058373E-10 0.
 3.9950000597164035 -1.841159801250194E-10 0.
 4.000000059604645 -1.8269725976785364E-10 0.
 4.005000059492886 -1.8128965730806192E-10 0.
 4.010000059381127 -1.798931003698958E-10 0.
 4.015000059269369 -1.7850751651346334E-10 0.
 4.02000005915761 -1.771328332545959E-10 0.
 4.025000059045851 -1.7576897808402084E-10 0.
 4.0300000589340925 -1.7441587848586251E-10 0.
 4.035000058822334 -1.7307346195548975E-10 0.
 4.040000058710575 -1.71741656016727E-10 0.
 4.045000058598816 -1.704203882384517E-10 0.
 4.050000058487058 -1.6910958625059065E-10 0.
 4.055000058375299 -1.6780917775953675E-10 0.
 4.06000005826354 -1.6651909056300165E-10 0.
 4.065000058151782 -1.6523925256431846E-10 0.
 4.070000058040023 -1.639695917862151E-10 0.
 4.075000057928264 -1.6271003638406944E-10 0.
 4.080000057816505 -1.6146051465866423E-10 0.
 4.085000057704747 -1.6022095506845344E-10 0.
 4.090000057592988 -1.5899128624135896E-10 0.
 4.095000057481229 -1.5777143698610614E-10 0.
 4.100000057369471 -1.5656133630311545E-10 0.
 4.105000057257712 -1.553609133949623E-10 0.
 4.110000057145953 -1.541700976764167E-10 0.
 4.1150000570341945 -1.529888187840773E-10 0.
 4.120000056922436 -1.5181700658560925E-10 0.
 4.125000056810677 -1.5065459118859985E-10 0.
 4.130000056698918 -1.4950150294904275E-10 0.
 4.13500005658716 -1.4835767247946032E-10 0.
 4.140000056475401 -1.4722303065667756E-10 0.
 4.145000056363642 -1.4609750862925576E-10 0.
 4.1500000562518835 -1.4498103782459774E-10 0.
 4.155000056140125 -1.4387354995573222E-10 0.
 4.160000056028366 -1.4277497702779132E-10 0.
 4.165000055916607 -1.4168525134418425E-10 0.
 4.170000055804849 -1.4060430551248356E-10 0.
 4.17500005569309 -1.3953207245002571E-10 0.
 4.180000055581331 -1.3846848538924021E-10 0.
 4.1850000554695725 -1.3741347788271264E-10 0.
 4.190000055357814 -1.3636698380798983E-10 0.
 4.195000055246055 -1.3532893737213707E-10 0.
 4.200000055134296 -1.3429927311605262E-10 0.
 4.205000055022538 -1.3327792591854802E-10 0.
 4.210000054910779 -1.3226483100020273E-10 0.
 4.21500005479902 -1.312599239269977E-10 0.
 4.220000054687262 -1.3026314061373653E-10 0.
 4.225000054575503 -1.2927441732725994E-10 0.
 4.230000054463744 -1.282936906894616E-10 0.
 4.2350000543519855 -1.273208976801091E-10 0.
 4.240000054240227 -1.2635597563947824E-10 0.
 4.245000054128468 -1.2539886227080627E-10 0.
 4.250000054016709 -1.2444949564256894E-10 0.
 4.255000053904951 -1.2350781419058793E-10 0.
 4.260000053793192 -1.2257375671997379E-10 0.
 4.265000053681433 -1.2164726240690979E-10 0.
 4.2700000535696745 -1.2072827080028166E-10 0.
 4.275000053457916 -1.1981672182315836E-10 0.
 4.280000053346157 -1.1891255577412948E-10 0.
 4.285000053234398 -1.1801571332850165E-10 0.
 4.29000005312264 -1.1712613553936287E-10 0.
 4.295000053010881 -1.1624376383851366E-10 0.
 4.300000052899122 -1.1536854003727498E-10 0.
 4.3050000527873635 -1.145004063271728E-10 0.
 4.310000052675605 -1.1363930528050628E-10 0.
 4.315000052563846 -1.127851798508012E-10 0.
 4.320000052452087 -1.1193797337315541E-10 0.
 4.325000052340329 -1.1109762956447717E-10 0.
 4.33000005222857 -1.1026409252362183E-10 0.
 4.335000052116811 -1.0943730673142962E-10 0.
 4.340000052005053 -1.0861721705066909E-10 0.
 4.345000051893294 -1.0780376872588747E-10 0.
 4.350000051781535 -1.0699690738317375E-10 0.
 4.355000051669776 -1.061965790298357E-10 0.
 4.360000051558018 -1.0540273005399529E-10 0.
 4.365000051446259 -1.0461530722410381E-10 0.
 4.3700000513345 -1.038342576883815E-10 0.
 4.375000051222742 -1.0305952897418382E-10 0.
 4.380000051110983 -1.0229106898729605E-10 0.
 4.385000050999224 -1.0152882601116043E-10 0.
 4.3900000508874655 -1.0077274870603784E-10 0.
 4.395000050775707 -1.0002278610810581E-10 0.
 4.400000050663948 -9.927888762849667E-11 0.
 4.405000050552189 -9.854100305227741E-11 0.
 4.410000050440431 -9.780908253737275E-11 0.
 4.415000050328672 -9.708307661343599E-11 0.
 4.420000050216913 -9.636293618066697E-11 0.
 4.4250000501051545 -9.564861250858149E-11 0.
 4.430000049993396 -9.494005723473312E-11 0.
 4.435000049881637 -9.423722236338931E-11 0.
 4.440000049769878 -9.354006026416471E-11 0.
 4.44500004965812 -9.284852367061207E-11 0.
 4.450000049546361 -9.216256567877402E-11 0.
 4.455000049434602 -9.148213974569646E-11 0.
 4.4600000493228436 -9.080719968790591E-11 0.
 4.465000049211085 -9.013769967985175E-11 0.
 4.470000049099326 -8.947359425231584E-11 0.
 4.475000048987567 -8.881483829079007E-11 0.
 4.480000048875809 -8.816138703382489E-11 0.
 4.48500004876405 -8.751319607134771E-11 0.
 4.490000048652291 -8.68702213429561E-11 0.
 4.495000048540533 -8.62324191361836E-11 0.
 4.500000048428774 -8.559974608474188E-11 0.
 4.505000048317015 -8.497215916673983E-11 0.
 4.5100000482052565 -8.43496157028804E-11 0.
 4.515000048093498 -8.373207335463694E-11 0.
 4.520000047981739 -8.311949012241022E-11 0.
 4.52500004786998 -8.251182434366692E-11 0.
 4.530000047758222 -8.190903469106095E-11 0.
 4.535000047646463 -8.131108017053841E-11 0.
 4.540000047534704 -8.071792011942787E-11 0.
 4.5450000474229455 -8.012951420451591E-11 0.
 4.550000047311187 -7.954582242011029E-11 0.
 4.555000047199428 -7.896680508608981E-11 0.
 4.560000047087669 -7.839242284594403E-11 0.
 4.565000046975911 -7.78226366648018E-11 0.
 4.570000046864152 -7.725740782745049E-11 0.
 4.575000046752393 -7.66966979363466E-11 0.
 4.5800000466406345 -7.614046890961787E-11 0.
 4.585000046528876 -7.558868297905915E-11 0.
 4.590000046417117 -7.504130268812092E-11 0.
 4.595000046305358 -7.449829088989276E-11 0.
 4.6000000461936 -7.395961074508138E-11 0.
 4.605000046081841 -7.342522571998474E-11 0.
 4.610000045970082 -7.289509958446201E-11 0.
 4.615000045858324 -7.236919640990111E-11 0.
 4.620000045746565 -7.184748056718319E-11 0.
 4.625000045634806 -7.132991672464575E-11 0.
 4.6300000455230474 -7.08164698460442E-11 0.
 4.635000045411289 -7.030710518851298E-11 0.
 4.64000004529953 -6.980178830052602E-11 0.
 4.645000045187771 -6.930048501985808E-11 0.
 4.650000045076013 -6.880316147154653E-11 0.
 4.655000044964254 -6.830978406585477E-11 0.
 4.660000044852495 -6.782031949623673E-11 0.
 4.6650000447407365 -6.733473473730449E-11 0.
 4.670000044628978 -6.685299704279763E-11 0.
 4.675000044517219 -6.63750739435566E-11 0.
 4.68000004440546 -6.590093324549813E-11 0.
 4.685000044293702 -6.543054302759628E-11 0.
 4.690000044181943 -6.496387163986558E-11 0.
 4.695000044070184 -6.45008877013508E-11 0.
 4.7000000439584255 -6.404156009811982E-11 0.
 4.705000043846667 -6.358585798126283E-11 0.
 4.710000043734908 -6.313375076489665E-11 0.
 4.715000043623149 -6.268520812417472E-11 0.
 4.720000043511391 -6.224019999330354E-11 0.
 4.725000043399632 -6.179869656356516E-11 0.
 4.730000043287873 -6.136066828134653E-11 0.
 4.735000043176115 -6.092608584617568E-11 0.
 4.740000043064356 -6.049492020876498E-11 0.
 4.745000042952597 -6.006714256906199E-11 0.
 4.750000042840838 -5.964272437430778E-11 0.
 4.75500004272908 -5.92216373171028E-11 0.
 4.760000042617321 -5.880385333348145E-11 0.
 4.765000042505562 -5.838934460099423E-11 0.
 4.770000042393804 -5.797808353679848E-11 0.
 4.775000042282045 -5.757004279575803E-11 0.
 4.780000042170286 -5.716519526855113E-11 0.
 4.7850000420585275 -5.676351407978755E-11 0.
 4.790000041946769 -5.636497258613495E-11 0.
 4.79500004183501 -5.596954437445393E-11 0.
 4.800000041723251 -5.5577203259942837E-11 0.
 4.805000041611493 -5.518792328429226E-11 0.
 4.810000041499734 -5.480167871384849E-11 0.
 4.815000041387975 -5.4418444037787334E-11 0.
 4.8200000412762165 -5.403819396629745E-11 0.
 4.825000041164458 -5.3660903428773785E-11 0.
 4.830000041052699 -5.3286547572020844E-11 0.
 4.83500004094094 -5.291510175846658E-11 0.
 4.840000040829182 -5.25465415643858E-11 0.
 4.845000040717423 -5.218084277813454E-11 0.
 4.850000040605664 -5.181798139839459E-11 0.
 4.8550000404939055 -5.1457933632428245E-11 0.
 4.860000040382147 -5.110067589434402E-11 0.
 4.865000040270388 -5.074618480337264E-11 0.
 4.870000040158629 -5.0394437182153736E-11 0.
 4.875000040046871 -5.004541005503338E-11 0.
 4.880000039935112 -4.9699080646372165E-11 0.
 4.885000039823353 -4.935542637886403E-11 0.
 4.890000039711595 -4.901442487186634E-11 0.
 4.895000039599836 -4.867605393974027E-11 0.
 4.900000039488077 -4.834029159020256E-11 0.
 4.9050000393763185 -4.800711602268759E-11 0.
 4.91000003926456 -4.767650562672121E-11 0.
 4.915000039152801 -4.7348438980304617E-11 0.
 4.920000039041042 -4.702289484831018E-11 0.
 4.925000038929284 -4.6699852180887265E-11 0.
 4.930000038817525 -4.6379290111879845E-11 0.
 4.935000038705766 -4.606118795725465E-11 0.
 4.9400000385940075 -4.57455252135406E-11 0.
 4.945000038482249 -4.543228155627912E-11 0.
 4.95000003837049 -4.5121436838485235E-11 0.
 4.955000038258731 -4.4812971089120395E-11 0.
 4.960000038146973 -4.450686451157526E-11 0.
 4.965000038035214 -4.4203097482164384E-11 0.
 4.970000037923455 -4.390165054863135E-11 0.
 4.9750000378116965 -4.36025044286651E-11 0.
 4.980000037699938 -4.330564000842709E-11 0.
 4.985000037588179 -4.3011038341089425E-11 0.
 4.99000003747642 -4.2718680645383784E-11 0.
 4.995000037364662 -4.2428548304161424E-11 0.
 5.000000037252903 -4.214062286296399E-11 0.
 5.005000037141144 -4.185488602860492E-11 0.
 5.010000037029386 -4.1571319667761974E-11 0.
 5.015000036917627 -4.1289905805580274E-11 0.
 5.020000036805868 -4.101062662428635E-11 0.
 5.025000036694109 -4.073346446181253E-11 0.
 5.030000036582351 -4.045840181043241E-11 0.
 5.035000036470592 -4.0185421315406616E-11 0.
 5.040000036358833 -3.9914505773639315E-11 0.
 5.045000036247075 -3.964563813234533E-11 0.
 5.050000036135316 -3.9378801487727664E-11 0.
 5.055000036023557 -3.91139790836655E-11 0.
 5.0600000359117985 -3.885115431041274E-11 0.
 5.06500003580004 -3.859031070330685E-11 0.
 5.070000035688281 -3.833143194148807E-11 0.
 5.075000035576522 -3.8074501846628906E-11 0.
 5.080000035464764 -3.781950438167387E-11 0.
 5.085000035353005 -3.756642364958942E-11 0.
 5.090000035241246 -3.7315243892124185E-11 0.
 5.0950000351294875 -3.7065949488578993E-11 0.
 5.100000035017729 -3.6818524954587355E-11 0.
 5.10500003490597 -3.657295494090557E-11 0.
 5.110000034794211 -3.632922423221299E-11 0.
 5.115000034682453 -3.6087317745922206E-11 0.
 5.120000034570694 -3.5847220530998896E-11 0.
 5.125000034458935 -3.560891776679179E-11 0.
 5.1300000343471766 -3.537239476187193E-11 0.
 5.135000034235418 -3.5137636952882035E-11 0.
 5.140000034123659 -3.490462990339519E-11 0.
 5.1450000340119 -3.467335930278331E-11 0.
 5.150000033900142 -3.444381096509499E-11 0.
 5.155000033788383 -3.421597082794293E-11 0.
 5.160000033676624 -3.398982495140058E-11 0.
 5.165000033564866 -3.376535951690837E-11 0.
 5.170000033453107 -3.3542560826188997E-11 0.
 5.175000033341348 -3.332141530017209E-11 0.
 5.1800000332295895 -3.3101909477928005E-11 0.
 5.185000033117831 -3.2884030015610766E-11 0.
 5.190000033006072 -3.266776368540991E-11 0.
 5.195000032894313 -3.2453097374511515E-11 0.
 5.200000032782555 -3.2240018084068105E-11 0.
 5.205000032670796 -3.202851292817733E-11 0.
 5.210000032559037 -3.1818569132869596E-11 0.
 5.2150000324472785 -3.161017403510443E-11 0.
 5.22000003233552 -3.140331508177541E-11 0.
 5.225000032223761 -3.1197979828723914E-11 0.
 5.230000032112002 -3.0994155939761344E-11 0.
 5.235000032000244 -3.0791831185699845E-11 0.
 5.240000031888485 -3.059099344339158E-11 0.
 5.245000031776726 -3.03916306947763E-11 0.
 5.2500000316649675 -3.0193731025937324E-11 0.
 5.255000031553209 -2.999728262616575E-11 0.
 5.26000003144145 -2.980227378703286E-11 0.
 5.265000031329691 -2.960869290147085E-11 0.
 5.270000031217933 -2.941652846286138E-11 0.
 5.275000031106174 -2.922576906413235E-11 0.
 5.280000030994415 -2.9036403396862693E-11 0.
 5.285000030882657 -2.8848420250394908E-11 0.
 5.290000030770898 -2.8661808510955592E-11 0.
 5.295000030659139 -2.8476557160783746E-11 0.
 5.3000000305473804 -2.8292655277266755E-11 0.
 5.305000030435622 -2.8110092032084157E-11 0.
 5.310000030323863 -2.792885669035892E-11 0.
 5.315000030212104 -2.7748938609816368E-11 0.
 5.320000030100346 -2.757032723995058E-11 0.
 5.325000029988587 -2.739301212119819E-11 0.
 5.330000029876828 -2.7216982884119697E-11 0.
 5.3350000297650695 -2.704222924858795E-11 0.
 5.340000029653311 -2.6868741022984034E-11 0.
 5.345000029541552 -2.6696508103400255E-11 0.
 5.350000029429793 -2.6525520472850388E-11 0.
 5.355000029318035 -2.6355768200487028E-11 0.
 5.360000029206276 -2.6187241440825776E-11 0.
 5.365000029094517 -2.6019930432976737E-11 0.
 5.3700000289827585 -2.5853825499882622E-11 0.
 5.375000028871 -2.568891704756406E-11 0.
 5.380000028759241 -2.5525195564371325E-11 0.
 5.385000028647482 -2.5362651620243193E-11 0.
 5.390000028535724 -2.5201275865972356E-11 0.
 5.395000028423965 -2.5041059032477336E-11 0.
 5.400000028312206 -2.4881991930081284E-11 0.
 5.405000028200448 -2.4724065447797133E-11 0.
 5.410000028088689 -2.456727055261922E-11 0.
 5.41500002797693 -2.4411598288821447E-11 0.
 5.420000027865171 -2.4257039777261777E-11 0.
 5.425000027753413 -2.4103586214693014E-11 0.
 5.430000027641654 -2.3951228873079834E-11 0.
 5.435000027529895 -2.3799959098922187E-11 0.
 5.440000027418137 -2.36497683125847E-11 0.
 5.445000027306378 -2.3500648007632252E-11 0.
 5.450000027194619 -2.3352589750171597E-11 0.
 5.4550000270828605 -2.320558517819904E-11 0.
 5.460000026971102 -2.3059626000953997E-11 0.
 5.465000026859343 -2.2914703998278524E-11 0.
 5.470000026747584 -2.277081101998267E-11 0.
 5.475000026635826 -2.2627938985215633E-11 0.
 5.480000026524067 -2.24860798818427E-11 0.
 5.485000026412308 -2.2345225765827866E-11 0.
 5.4900000263005495 -2.220536876062205E-11 0.
 5.495000026188791 -2.20665010565571E-11 0.
 5.500000026077032 -2.19286149102451E-11 0.
 5.505000025965273 -2.179170264398341E-11 0.
 5.510000025853515 -2.165575664516504E-11 0.
 5.515000025741756 -2.1520769365694466E-11 0.
 5.520000025629997 -2.138673332140884E-11 0.
 5.5250000255182385 -2.1253641091504463E-11 0.
 5.53000002540648 -2.112148531796855E-11 0.
 5.535000025294721 -2.0990258705016282E-11 0.
 5.540000025182962 -2.0859954018532893E-11 0.
 5.545000025071204 -2.0730564085521068E-11 0.
 5.550000024959445 -2.0602081793553247E-11 0.
 5.555000024847686 -2.047450009022912E-11 0.
 5.560000024735928 -2.034781198263801E-11 0.
 5.565000024624169 -2.0222010536826274E-11 0.
 5.57000002451241 -2.0097088877269587E-11 0.
 5.5750000244006515 -1.9973040186350073E-11 0.
 5.580000024288893 -1.9849857703838276E-11 0.
 5.585000024177134 -1.9727534726379906E-11 0.
 5.590000024065375 -1.9606064606987328E-11 0.
 5.595000023953617 -1.9485440754535656E-11 0.
 5.600000023841858 -1.9365656633263686E-11 0.
 5.605000023730099 -1.9246705762279207E-11 0.
 5.6100000236183405 -1.9128581715068993E-11 0.
 5.615000023506582 -1.9011278119013362E-11 0.
 5.620000023394823 -1.889478865490517E-11 0.
 5.625000023283064 -1.877910705647312E-11 0.
 5.630000023171306 -1.866422710990972E-11 0.
 5.635000023059547 -1.8550142653403428E-11 0.
 5.640000022947788 -1.8436847576675115E-11 0.
 5.6450000228360295 -1.8324335820518913E-11 0.
 5.650000022724271 -1.8212601376347226E-11 0.
 5.655000022612512 -1.8101638285739984E-11 0.
 5.660000022500753 -1.7991440639997988E-11 0.
 5.665000022388995 -1.7882002579700496E-11 0.
 5.670000022277236 -1.777331829426681E-11 0.
 5.675000022165477 -1.7665382021521975E-11 0.
 5.680000022053719 -1.7558188047266383E-11 0.
 5.68500002194196 -1.7451730704849546E-11 0.
 5.690000021830201 -1.7346004374747595E-11 0.
 5.695000021718442 -1.7241003484144842E-11 0.
 5.700000021606684 -1.71367225065191E-11 0.
 5.705000021494925 -1.7033155961230973E-11 0.
 5.710000021383166 -1.693029841311675E-11 0.
 5.715000021271408 -1.6828144472085252E-11 0.
 5.720000021159649 -1.6726688792718292E-11 0.
 5.72500002104789 -1.6625926073874847E-11 0.
 5.7300000209361315 -1.6525851058298907E-11 0.
 5.735000020824373 -1.6426458532230956E-11 0.
 5.740000020712614 -1.6327743325023024E-11 0.
 5.745000020600855 -1.6229700308757267E-11 0.
 5.750000020489097 -1.6132324397868163E-11 0.
 5.755000020377338 -1.6035610548768093E-11 0.
 5.760000020265579 -1.5939553759476454E-11 0.
 5.7650000201538205 -1.584414906925217E-11 0.
 5.770000020042062 -1.5749391558229597E-11 0.
 5.775000019930303 -1.5655276347057834E-11 0.
 5.780000019818544 -1.5561798596543254E-11 0.
 5.785000019706786 -1.5468953507295493E-11 0.
 5.790000019595027 -1.5376736319376563E-11 0.
 5.795000019483268 -1.5285142311953322E-11 0.
 5.8000000193715096 -1.519416680295305E-11 0.
 5.805000019259751 -1.5103805148722296E-11 0.
 5.810000019147992 -1.5014052743688803E-11 0.
 5.815000019036233 -1.4924905020026582E-11 0.
 5.820000018924475 -1.4836357447324112E-11 0.
 5.825000018812716 -1.4748405532255528E-11 0.
 5.830000018700957 -1.466104481825488E-11 0.
 5.835000018589199 -1.457427088519343E-11 0.
 5.84000001847744 -1.4488079349059863E-11 0.
 5.845000018365681 -1.4402465861643477E-11 0.
 5.8500000182539225 -1.4317426110220307E-11 0.
 5.855000018142164 -1.423295581724213E-11 0.
 5.860000018030405 -1.4149050740028279E-11 0.
 5.865000017918646 -1.4065706670460438E-11 0.
 5.870000017806888 -1.398291943468009E-11 0.
 5.875000017695129 -1.390068489278886E-11 0.
 5.88000001758337 -1.3818998938551561E-11 0.
 5.8850000174716115 -1.3737857499102007E-11 0.
 5.890000017359853 -1.3657256534651513E-11 0.
 5.895000017248094 -1.3577192038200053E-11 0.
 5.900000017136335 -1.3497660035250176E-11 0.
 5.905000017024577 -1.3418656583523437E-11 0.
 5.910000016912818 -1.3340177772679478E-11 0.
 5.915000016801059 -1.3262219724037702E-11 0.
 5.9200000166893005 -1.3184778590301531E-11 0.
 5.925000016577542 -1.3107850555285122E-11 0.
 5.930000016465783 -1.3031431833642672E-11 0.
 5.935000016354024 -1.2955518670600147E-11 0.
 5.940000016242266 -1.2880107341689527E-11 0.
 5.945000016130507 -1.2805194152485462E-11 0.
 5.950000016018748 -1.2730775438344327E-11 0.
 5.95500001590699 -1.2656847564145726E-11 0.
 5.960000015795231 -1.2583406924036323E-11 0.
 5.965000015683472 -1.2510449941176028E-11 0.
 5.9700000155717134 -1.2437973067486502E-11 0.
 5.975000015459955 -1.2365972783402027E-11 0.
 5.980000015348196 -1.2294445597622561E-11 0.
 5.985000015236437 -1.2223388046869131E-11 0.
 5.990000015124679 -1.2152796695641463E-11 0.
 5.99500001501292 -1.2082668135977748E-11 0.
 6.000000014901161 -1.2012998987216719E-11 0.
 6.0050000147894025 -1.1943785895761833E-11 0.
 6.010000014677644 -1.187502553484765E-11 0.
 6.015000014565885 -1.1806714604308289E-11 0.
 6.020000014454126 -1.1738849830348075E-11 0.
 6.025000014342368 -1.1671427965314219E-11 0.
 6.030000014230609 -1.1604445787471621E-11 0.
 6.03500001411885 -1.1537900100779707E-11 0.
 6.0400000140070915 -1.147178773467128E-11 0.
 6.045000013895333 -1.1406105543833453E-11 0.
 6.050000013783574 -1.1340850407990511E-11 0.
 6.055000013671815 -1.1276019231688777E-11 0.
 6.060000013560057 -1.1211608944083503E-11 0.
 6.065000013448298 -1.1147616498727569E-11 0.
 6.070000013336539 -1.1084038873362221E-11 0.
 6.075000013224781 -1.1020873069709697E-11 0.
 6.080000013113022 -1.0958116113267673E-11 0.
 6.085000013001263 -1.0895765053105661E-11 0.
 6.090000012889504 -1.0833816961663228E-11 0.
 6.095000012777746 -1.0772268934550006E-11 0.
 6.100000012665987 -1.0711118090347618E-11 0.
 6.105000012554228 -1.0650361570413298E-11 0.
 6.11000001244247 -1.0589996538685363E-11 0.
 6.115000012330711 -1.0530020181490438E-11 0.
 6.120000012218952 -1.0470429707352425E-11 0.
 6.1250000121071935 -1.0411222346803166E-11 0.
 6.130000011995435 -1.0352395352194917E-11 0.
 6.135000011883676 -1.0293945997514436E-11 0.
 6.140000011771917 -1.0235871578198768E-11 0.
 6.145000011660159 -1.0178169410952781E-11 0.
 6.1500000115484 -1.0120836833568202E-11 0.
 6.155000011436641 -1.006387120474445E-11 0.
 6.1600000113248825 -1.0007269903910993E-11 0.
 6.165000011213124 -9.95103033105134E-12 0.
 6.170000011101365 -9.895149906528597E-12 0.
 6.175000010989606 -9.839626070912686E-12 0.
 6.180000010877848 -9.784456284808984E-12 0.
 6.185000010766089 -9.729638028688665E-12 0.
 6.19000001065433 -9.675168802720439E-12 0.
 6.1950000105425715 -9.621046126603897E-12 0.
 6.200000010430813 -9.567267539404319E-12 0.
 6.205000010319054 -9.513830599388984E-12 0.
 6.210000010207295 -9.460732883864954E-12 0.
 6.215000010095537 -9.407971989018304E-12 0.
 6.220000009983778 -9.355545529754835E-12 0.
 6.225000009872019 -9.303451139542177E-12 0.
 6.230000009760261 -9.251686470253343E-12 0.
 6.235000009648502 -9.200249192011679E-12 0.
 6.240000009536743 -9.149136993037202E-12 0.
 6.2450000094249845 -9.098347579494351E-12 0.
 6.250000009313226 -9.047878675341027E-12 0.
 6.255000009201467 -8.997728022179105E-12 0.
 6.260000009089708 -8.94789337910617E-12 0.
 6.26500000897795 -8.898372522568659E-12 0.
 6.270000008866191 -8.849163246216292E-12 0.
 6.275000008754432 -8.80026336075781E-12 0.
 6.2800000086426735 -8.751670693818008E-12 0.
 6.285000008530915 -8.703383089796033E-12 0.
 6.290000008419156 -8.655398409724987E-12 0.
 6.295000008307397 -8.607714531132741E-12 0.
 6.300000008195639 -8.560329347904013E-12 0.
 6.30500000808388 -8.513240770143699E-12 0.
 6.310000007972121 -8.466446724041368E-12 0.
 6.3150000078603625 -8.419945151737056E-12 0.
 6.320000007748604 -8.373734011188154E-12 0.
 6.325000007636845 -8.327811276037554E-12 0.
 6.330000007525086 -8.282174935482967E-12 0.
 6.335000007413328 -8.236822994147356E-12 0.
 6.340000007301569 -8.191753471950587E-12 0.
 6.34500000718981 -8.14696440398217E-12 0.
 6.350000007078052 -8.102453840375173E-12 0.
 6.355000006966293 -8.058219846181212E-12 0.
 6.360000006854534 -8.014260501246604E-12 0.
 6.365000006742775 -7.970573900089592E-12 0.
 6.370000006631017 -7.927158151778646E-12 0.
 6.375000006519258 -7.884011379811882E-12 0.
 6.380000006407499 -7.84113172199752E-12 0.
 6.385000006295741 -7.79851733033541E-12 0.
 6.390000006183982 -7.756166370899629E-12 0.
 6.395000006072223 -7.714077023722078E-12 0.
 6.4000000059604645 -7.67224748267715E-12 0.
 6.405000005848706 -7.630675955367382E-12 0.
 6.410000005736947 -7.58936066301017E-12 0.
 6.415000005625188 -7.54829984032541E-12 0.
 6.42000000551343 -7.507491735424215E-12 0.
 6.425000005401671 -7.466934609698554E-12 0.
 6.430000005289912 -7.426626737711894E-12 0.
 6.4350000051781535 -7.386566407090793E-12 0.
 6.440000005066395 -7.346751918417465E-12 0.
 6.445000004954636 -7.307181585123291E-12 0.
 6.450000004842877 -7.26785373338323E-12 0.
 6.455000004731119 -7.22876670201122E-12 0.
 6.46000000461936 -7.189918842356478E-12 0.
 6.465000004507601 -7.151308518200662E-12 0.
 6.4700000043958426 -7.112934105656035E-12 0.
 6.475000004284084 -7.07479399306442E-12 0.
 6.480000004172325 -7.036886580897129E-12 0.
 6.485000004060566 -6.999210281655715E-12 0.
 6.490000003948808 -6.9617635197736205E-12 0.
 6.495000003837049 -6.924544731518689E-12 0.
 6.50000000372529 -6.887552364896497E-12 0.
 6.505000003613532 -6.850784879554602E-12 0.
 6.510000003501773 -6.81424074668756E-12 0.
 6.515000003390014 -6.777918448942802E-12 0.
 6.5200000032782555 -6.741816480327351E-12 0.
 6.525000003166497 -6.705933346115328E-12 0.
 6.530000003054738 -6.67026756275627E-12 0.
 6.535000002942979 -6.634817657784269E-12 0.
 6.540000002831221 -6.599582169727889E-12 0.
 6.545000002719462 -6.564559648020857E-12 0.
 6.550000002607703 -6.529748652913563E-12 0.
 6.5550000024959445 -6.495147755385305E-12 0.
 6.560000002384186 -6.460755537057328E-12 0.
 6.565000002272427 -6.42657059010656E-12 0.
 6.570000002160668 -6.392591517180196E-12 0.
 6.57500000204891 -6.358816931310924E-12 0.
 6.580000001937151 -6.325245455832958E-12 0.
 6.585000001825392 -6.2918757242987645E-12 0.
 6.5900000017136335 -6.258706380396522E-12 0.
 6.595000001601875 -6.225736077868321E-12 0.
 6.600000001490116 -6.192963480429022E-12 0.
 6.605000001378357 -6.16038726168586E-12 0.
 6.610000001266599 -6.1280061050587515E-12 0.
 6.61500000115484 -6.095818703701237E-12 0.
 6.620000001043081 -6.06382376042216E-12 0.
 6.625000000931323 -6.0320199876080206E-12 0.
 6.630000000819564 -6.000406107145978E-12 0.
 6.635000000707805 -5.968980850347512E-12 0.
 6.6400000005960464 -5.937742957872798E-12 0.
 6.645000000484288 -5.9066911796556544E-12 0.
 6.650000000372529 -5.87582427482921E-12 0.
 6.65500000026077 -5.845141011652183E-12 0.
 6.660000000149012 -5.814640167435768E-12 0.
 6.665000000037253 -5.784320528471221E-12 0.
 6.669999999925494 -5.754180889957989E-12 0.
 6.6749999998137355 -5.724220055932535E-12 0.
 6.679999999701977 -5.694436839197698E-12 0.
 6.684999999590218 -5.664830061252733E-12 0.
 6.689999999478459 -5.6353985522238896E-12 0.
 6.694999999366701 -5.606141150795656E-12 0.
 6.699999999254942 -5.5770567041424944E-12 0.
 6.704999999143183 -5.548144067861281E-12 0.
 6.7099999990314245 -5.519402105904227E-12 0.
 6.714999998919666 -5.49082969051243E-12 0.
 6.719999998807907 -5.462425702149956E-12 0.
 6.724999998696148 -5.434189029438543E-12 0.
 6.72999999858439 -5.406118569092788E-12 0.
 6.734999998472631 -5.378213225855943E-12 0.
 6.739999998360872 -5.3504719124362564E-12 0.
 6.744999998249114 -5.3228935494438274E-12 0.
 6.749999998137355 -5.295477065328014E-12 0.
 6.754999998025596 -5.2682213963154055E-12 0.
 6.759999997913837 -5.2411254863482674E-12 0.
 6.764999997802079 -5.214188287023553E-12 0.
 6.76999999769032 -5.187408757532422E-12 0.
 6.774999997578561 -5.1607858646002704E-12 0.
 6.779999997466803 -5.1343185824272784E-12 0.
 6.784999997355044 -5.1080058926294595E-12 0.
 6.789999997243285 -5.081846784180201E-12 0.
 6.7949999971315265 -5.0558402533523224E-12 0.
 6.799999997019768 -5.0299853036606036E-12 0.
 6.804999996908009 -5.004280945804824E-12 0.
 6.80999999679625 -4.978726197613261E-12 0.
 6.814999996684492 -4.9533200839866786E-12 0.
 6.819999996572733 -4.92806163684279E-12 0.
 6.824999996460974 -4.902949895061198E-12 0.
 6.8299999963492155 -4.87798390442878E-12 0.
 6.834999996237457 -4.853162717585563E-12 0.
 6.839999996125698 -4.828485393971028E-12 0.
 6.844999996013939 -4.803950999770883E-12 0.
 6.849999995902181 -4.779558607864299E-12 0.
 6.854999995790422 -4.755307297771552E-12 0.
 6.859999995678663 -4.7311961556021494E-12 0.
 6.8649999955669045 -4.70722427400336E-12 0.
 6.869999995455146 -4.683390752109202E-12 0.
 6.874999995343387 -4.659694695489847E-12 0.
 6.879999995231628 -4.636135216101443E-12 0.
 6.88499999511987 -4.6127114322363994E-12 0.
 6.889999995008111 -4.589422468474016E-12 0.
 6.894999994896352 -4.5662674556316046E-12 0.
 6.899999994784594 -4.543245530715969E-12 0.
 6.904999994672835 -4.5203558368753235E-12 0.
 6.909999994561076 -4.49759752335158E-12 0.
 6.9149999944493175 -4.474969745433077E-12 0.
 6.919999994337559 -4.452471664407676E-12 0.
 6.9249999942258 -4.430102447516245E-12 0.
 6.929999994114041 -4.407861267906565E-12 0.
 6.934999994002283 -4.385747304587576E-12 0.
 6.939999993890524 -4.363759742384059E-12 0.
 6.944999993778765 -4.341897771891638E-12 0.
 6.9499999936670065 -4.320160589432212E-12 0.
 6.954999993555248 -4.298547397009712E-12 0.
 6.959999993443489 -4.27705740226627E-12 0.
 6.96499999333173 -4.25568981843871E-12 0.
 6.969999993219972 -4.234443864315442E-12 0.
 6.974999993108213 -4.213318764193676E-12 0.
 6.979999992996454 -4.192313747837042E-12 0.
 6.9849999928846955 -4.171428050433493E-12 0.
 6.989999992772937 -4.15066091255363E-12 0.
 6.994999992661178 -4.130011580109325E-12 0.
 6.999999992549419 -4.109479304312699E-12 0.
 7.004999992437661 -4.089063341635454E-12 0.
 7.009999992325902 -4.068762953768525E-12 0.
 7.014999992214143 -4.048577407582075E-12 0.
 7.019999992102385 -4.028505975085814E-12 0.
 7.024999991990626 -4.0085479333896595E-12 0.
 7.029999991878867 -3.98870256466471E-12 0.
 7.034999991767108 -3.9689691561045466E-12 0.
 7.03999999165535 -3.949346999886852E-12 0.
 7.044999991543591 -3.929835393135344E-12 0.
 7.049999991431832 -3.9104336378820415E-12 0.
 7.054999991320074 -3.891141041029803E-12 0.
 7.059999991208315 -3.871956914315221E-12 0.
 7.064999991096556 -3.8528805742717785E-12 0.
 7.0699999909847975 -3.833911342193348E-12 0.
 7.074999990873039 -3.815048544097951E-12 0.
 7.07999999076128 -3.796291510691861E-12 0.
 7.084999990649521 -3.777639577333952E-12 0.
 7.089999990537763 -3.759092084000387E-12 0.
 7.094999990426004 -3.740648375249552E-12 0.
 7.099999990314245 -3.722307800187315E-12 0.
 7.1049999902024865 -3.7040697124325515E-12 0.
 7.109999990090728 -3.685933470082952E-12 0.
 7.114999989978969 -3.667898435681121E-12 0.
 7.11999998986721 -3.649963976180929E-12 0.
 7.124999989755452 -3.6321294629141787E-12 0.
 7.129999989643693 -3.6143942715574948E-12 0.
 7.134999989531934 -3.596757782099544E-12 0.
 7.1399999894201756 -3.579219378808457E-12 0.
 7.144999989308417 -3.5617784501995615E-12 0.
 7.149999989196658 -3.5444343890033808E-12 0.
 7.154999989084899 -3.527186592133853E-12 0.
 7.159999988973141 -3.510034460656844E-12 0.
 7.164999988861382 -3.4929773997589177E-12 0.
 7.169999988749623 -3.4760148187163384E-12 0.
 7.174999988637865 -3.4591461308643313E-12 0.
 7.179999988526106 -3.4423707535666187E-12 0.
 7.184999988414347 -3.4256881081851673E-12 0.
 7.1899999883025885 -3.4090976200501915E-12 0.
 7.19499998819083 -3.3925987184304265E-12 0.
 7.199999988079071 -3.376190836503603E-12 0.
 7.204999987967312 -3.3598734113271955E-12 0.
 7.209999987855554 -3.343645883809372E-12 0.
 7.214999987743795 -3.3275076986802165E-12 0.
 7.219999987632036 -3.311458304463157E-12 0.
 7.2249999875202775 -3.2954971534466466E-12 0.
 7.229999987408519 -3.279623701656037E-12 0.
 7.23499998729676 -3.2638374088257256E-12 0.
 7.239999987185001 -3.248137738371501E-12 0.
 7.244999987073243 -3.2325241573631006E-12 0.
 7.249999986961484 -3.216996136497024E-12 0.
 7.254999986849725 -3.2015531500695313E-12 0.
 7.2599999867379665 -3.186194675949886E-12 0.
 7.264999986626208 -3.1709201955537835E-12 0.
 7.269999986514449 -3.155729193817033E-12 0.
 7.27499998640269 -3.1406211591694016E-12 0.
 7.279999986290932 -3.125595583508724E-12 0.
 7.284999986179173 -3.110651962175164E-12 0.
 7.289999986067414 -3.095789793925733E-12 0.
 7.294999985955656 -3.081008580908974E-12 0.
 7.299999985843897 -3.0663078286398714E-12 0.
 7.304999985732138 -3.0516870459749567E-12 0.
 7.3099999856203794 -3.037145745087603E-12 0.
 7.314999985508621 -3.022683441443533E-12 0.
 7.319999985396862 -3.0082996537765163E-12 0.
 7.324999985285103 -2.993993904064254E-12 0.
 7.329999985173345 -2.9797657175044644E-12 0.
 7.334999985061586 -2.9656146224911634E-12 0.
 7.339999984949827 -2.9515401505911206E-12 0.
 7.3449999848380685 -2.9375418365205126E-12 0.
 7.34999998472631 -2.9236192181217577E-12 0.
 7.354999984614551 -2.9097718363405508E-12 0.
 7.359999984502792 -2.895999235203045E-12 0.
 7.364999984391034 -2.882300961793262E-12 0.
 7.369999984279275 -2.8686765662306386E-12 0.
 7.374999984167516 -2.8551256016477826E-12 0.
 7.3799999840557575 -2.841647624168389E-12 0.
 7.384999983943999 -2.8282421928853345E-12 0.
 7.38999998383224 -2.8149088698389563E-12 0.
 7.394999983720481 -2.801647219995481E-12 0.
 7.399999983608723 -2.7884568112256436E-12 0.
